{
  "prediction": [
    [
      [
        0.9514563106796116,
        0.009708737864077669,
        0.009708737864077669,
        0.009708737864077669,
        0.009708737864077669,
        0.009708737864077669
      ],
      [
        0.9514563106796116,
        0.009708737864077669,
        0.009708737864077669,
        0.009708737864077669,
        0.009708737864077669,
        0.009708737864077669
      ],
      [
        0.9514563106796116,
        0.009708737864077669,
        0.009708737864077669,
        0.009708737864077669,
        0.009708737864077669,
        0.009708737864077669
      ],
      [
        0.9514563106796116,
        0.009708737864077669,
        0.009708737864077669,
        0.009708737864077669,
        0.009708737864077669,
        0.009708737864077669
      ],
      [
        0.9514563106796116,
        0.009708737864077669,
        0.009708737864077669,
        0.009708737864077669,
        0.009708737864077669,
        0.009708737864077669
      ],
      [
        0.9514563106796116,
        0.009708737864077669,
        0.009708737864077669,
        0.009708737864077669,
        0.009708737864077669,
        0.009708737864077669
      ],
      [
        0.9514563106796116,
        0.009708737864077669,
        0.009708737864077669,
        0.009708737864077669,
        0.009708737864077669,
        0.009708737864077669
      ],
      [
        0.9514563106796116,
        0.009708737864077669,
        0.009708737864077669,
        0.009708737864077669,
        0.009708737864077669,
        0.009708737864077669
      ],
      [
        0.9514563106796116,
        0.009708737864077669,
        0.009708737864077669,
        0.009708737864077669,
        0.009708737864077669,
        0.009708737864077669
      ],
      [
        0.9514563106796116,
        0.009708737864077669,
        0.009708737864077669,
        0.009708737864077669,
        0.009708737864077669,
        0.009708737864077669
      ],
      [
        0.9514563106796116,
        0.009708737864077669,
        0.009708737864077669,
        0.009708737864077669,
        0.009708737864077669,
        0.009708737864077669
      ],
      [
        0.9514563106796116,
        0.009708737864077669,
        0.009708737864077669,
        0.009708737864077669,
        0.009708737864077669,
        0.009708737864077669
      ],
      [
        0.9514563106796116,
        0.009708737864077669,
        0.009708737864077669,
        0.009708737864077669,
        0.009708737864077669,
        0.009708737864077669
      ],
      [
        0.9514563106796116,
        0.009708737864077669,
        0.009708737864077669,
        0.009708737864077669,
        0.009708737864077669,
        0.009708737864077669
      ],
      [
        0.9514563106796116,
        0.009708737864077669,
        0.009708737864077669,
        0.009708737864077669,
        0.009708737864077669,
        0.009708737864077669
      ],
      [
        0.9514563106796116,
        0.009708737864077669,
        0.009708737864077669,
        0.009708737864077669,
        0.009708737864077669,
        0.009708737864077669
      ],
      [
        0.9514563106796116,
        0.009708737864077669,
        0.009708737864077669,
        0.009708737864077669,
        0.009708737864077669,
        0.009708737864077669
      ],
      [
        0.9514563106796116,
        0.009708737864077669,
        0.009708737864077669,
        0.009708737864077669,
        0.009708737864077669,
        0.009708737864077669
      ],
      [
        0.9514563106796116,
        0.009708737864077669,
        0.009708737864077669,
        0.009708737864077669,
        0.009708737864077669,
        0.009708737864077669
      ],
      [
        0.9514563106796116,
        0.009708737864077669,
        0.009708737864077669,
        0.009708737864077669,
        0.009708737864077669,
        0.009708737864077669
      ],
      [
        0.9514563106796116,
        0.009708737864077669,
        0.009708737864077669,
        0.009708737864077669,
        0.009708737864077669,
        0.009708737864077669
      ],
      [
        0.9514563106796116,
        0.009708737864077669,
        0.009708737864077669,
        0.009708737864077669,
        0.009708737864077669,
        0.009708737864077669
      ],
      [
        0.9514563106796116,
        0.009708737864077669,
        0.009708737864077669,
        0.009708737864077669,
        0.009708737864077669,
        0.009708737864077669
      ],
      [
        0.9514563106796116,
        0.009708737864077669,
        0.009708737864077669,
        0.009708737864077669,
        0.009708737864077669,
        0.009708737864077669
      ],
      [
        0.9514563106796116,
        0.009708737864077669,
        0.009708737864077669,
        0.009708737864077669,
        0.009708737864077669,
        0.009708737864077669
      ],
      [
        0.9514563106796116,
        0.009708737864077669,
        0.009708737864077669,
        0.009708737864077669,
        0.009708737864077669,
        0.009708737864077669
      ],
      [
        0.9514563106796116,
        0.009708737864077669,
        0.009708737864077669,
        0.009708737864077669,
        0.009708737864077669,
        0.009708737864077669
      ],
      [
        0.9514563106796116,
        0.009708737864077669,
        0.009708737864077669,
        0.009708737864077669,
        0.009708737864077669,
        0.009708737864077669
      ],
      [
        0.9514563106796116,
        0.009708737864077669,
        0.009708737864077669,
        0.009708737864077669,
        0.009708737864077669,
        0.009708737864077669
      ],
      [
        0.9514563106796116,
        0.009708737864077669,
        0.009708737864077669,
        0.009708737864077669,
        0.009708737864077669,
        0.009708737864077669
      ],
      [
        0.9514563106796116,
        0.009708737864077669,
        0.009708737864077669,
        0.009708737864077669,
        0.009708737864077669,
        0.009708737864077669
      ],
      [
        0.9514563106796116,
        0.009708737864077669,
        0.009708737864077669,
        0.009708737864077669,
        0.009708737864077669,
        0.009708737864077669
      ],
      [
        0.9514563106796116,
        0.009708737864077669,
        0.009708737864077669,
        0.009708737864077669,
        0.009708737864077669,
        0.009708737864077669
      ],
      [
        0.9514563106796116,
        0.009708737864077669,
        0.009708737864077669,
        0.009708737864077669,
        0.009708737864077669,
        0.009708737864077669
      ],
      [
        0.9514563106796116,
        0.009708737864077669,
        0.009708737864077669,
        0.009708737864077669,
        0.009708737864077669,
        0.009708737864077669
      ],
      [
        0.9514563106796116,
        0.009708737864077669,
        0.009708737864077669,
        0.009708737864077669,
        0.009708737864077669,
        0.009708737864077669
      ],
      [
        0.9514563106796116,
        0.009708737864077669,
        0.009708737864077669,
        0.009708737864077669,
        0.009708737864077669,
        0.009708737864077669
      ],
      [
        0.9514563106796116,
        0.009708737864077669,
        0.009708737864077669,
        0.009708737864077669,
        0.009708737864077669,
        0.009708737864077669
      ],
      [
        0.9514563106796116,
        0.009708737864077669,
        0.009708737864077669,
        0.009708737864077669,
        0.009708737864077669,
        0.009708737864077669
      ],
      [
        0.9514563106796116,
        0.009708737864077669,
        0.009708737864077669,
        0.009708737864077669,
        0.009708737864077669,
        0.009708737864077669
      ]
    ],
    [
      [
        0.9514563106796116,
        0.009708737864077669,
        0.009708737864077669,
        0.009708737864077669,
        0.009708737864077669,
        0.009708737864077669
      ],
      [
        0.9476744186046511,
        0.009689922480620155,
        0.009689922480620155,
        0.013565891472868217,
        0.009689922480620155,
        0.009689922480620155
      ],
      [
        0.8923679060665363,
        0.0665362035225049,
        0.009784735812133072,
        0.011741682974559686,
        0.009784735812133072,
        0.009784735812133072
      ],
      [
        0.9254901960784313,
        0.03333333333333333,
        0.00980392156862745,
        0.00980392156862745,
        0.011764705882352941,
        0.00980392156862745
      ],
      [
        0.8923679060665363,
        0.06262230919765166,
        0.009784735812133072,
        0.015655577299412915,
        0.009784735812133072,
        0.009784735812133072
      ],
      [
        0.8947368421052632,
        0.06237816764132553,
        0.009746588693957114,
        0.01364522417153996,
        0.009746588693957114,
        0.009746588693957114
      ],
      [
        0.8784313725490196,
        0.07254901960784313,
        0.00980392156862745,
        0.011764705882352941,
        0.01764705882352941,
        0.00980392156862745
      ],
      [
        0.811023622047244,
        0.10433070866141732,
        0.00984251968503937,
        0.011811023622047244,
        0.053149606299212594,
        0.00984251968503937
      ],
      [
        0.17519685039370078,
        0.06496062992125984,
        0.00984251968503937,
        0.015748031496062992,
        0.7244094488188976,
        0.00984251968503937
      ],
      [
        0.8181818181818181,
        0.08893280632411067,
        0.009881422924901186,
        0.01383399209486166,
        0.05928853754940711,
        0.009881422924901186
      ],
      [
        0.1673228346456693,
        0.06299212598425197,
        0.00984251968503937,
        0.027559055118110236,
        0.7224409448818897,
        0.00984251968503937
      ],
      [
        0.14990138067061143,
        0.0650887573964497,
        0.009861932938856016,
        0.009861932938856016,
        0.7554240631163708,
        0.009861932938856016
      ],
      [
        0.14566929133858267,
        0.06102362204724409,
        0.00984251968503937,
        0.015748031496062992,
        0.7578740157480315,
        0.00984251968503937
      ],
      [
        0.8976377952755906,
        0.05708661417322835,
        0.00984251968503937,
        0.013779527559055118,
        0.011811023622047244,
        0.00984251968503937
      ],
      [
        0.8796844181459567,
        0.0631163708086785,
        0.009861932938856016,
        0.009861932938856016,
        0.027613412228796843,
        0.009861932938856016
      ],
      [
        0.873767258382643,
        0.0710059171597633,
        0.009861932938856016,
        0.009861932938856016,
        0.02564102564102564,
        0.009861932938856016
      ],
      [
        0.8875739644970414,
        0.05128205128205128,
        0.009861932938856016,
        0.015779092702169626,
        0.02564102564102564,
        0.009861932938856016
      ],
      [
        0.8722986247544204,
        0.06286836935166994,
        0.009823182711198428,
        0.009823182711198428,
        0.03536345776031434,
        0.009823182711198428
      ],
      [
        0.12133072407045009,
        0.04500978473581213,
        0.009784735812133072,
        0.009784735812133072,
        0.8043052837573385,
        0.009784735812133072
      ],
      [
        0.8860510805500983,
        0.047151277013752456,
        0.009823182711198428,
        0.009823182711198428,
        0.03732809430255402,
        0.009823182711198428
      ],
      [
        0.90234375,
        0.05859375,
        0.009765625,
        0.009765625,
        0.009765625,
        0.009765625
      ],
      [
        0.899803536345776,
        0.045186640471512766,
        0.009823182711198428,
        0.009823182711198428,
        0.02554027504911591,
        0.009823182711198428
      ],
      [
        0.8882352941176471,
        0.050980392156862744,
        0.00980392156862745,
        0.00980392156862745,
        0.03137254901960784,
        0.00980392156862745
      ],
      [
        0.8864970645792564,
        0.043052837573385516,
        0.009784735812133072,
        0.009784735812133072,
        0.04109589041095891,
        0.009784735812133072
      ],
      [
        0.912109375,
        0.048828125,
        0.009765625,
        0.009765625,
        0.009765625,
        0.009765625
      ],
      [
        0.8779527559055118,
        0.05511811023622047,
        0.00984251968503937,
        0.00984251968503937,
        0.0374015748031496,
        0.00984251968503937
      ],
      [
        0.863013698630137,
        0.05870841487279843,
        0.009784735812133072,
        0.009784735812133072,
        0.048923679060665366,
        0.009784735812133072
      ],
      [
        0.8762278978388998,
        0.045186640471512766,
        0.009823182711198428,
        0.01768172888015717,
        0.0412573673870334,
        0.009823182711198428
      ],
      [
        0.8757281553398059,
        0.05631067961165049,
        0.009708737864077669,
        0.009708737864077669,
        0.038834951456310676,
        0.009708737864077669
      ],
      [
        0.8838582677165354,
        0.03937007874015748,
        0.00984251968503937,
        0.00984251968503937,
        0.047244094488188976,
        0.00984251968503937
      ],
      [
        0.8745098039215686,
        0.047058823529411764,
        0.00980392156862745,
        0.00980392156862745,
        0.049019607843137254,
        0.00980392156862745
      ],
      [
        0.8622047244094488,
        0.0452755905511811,
        0.00984251968503937,
        0.01968503937007874,
        0.053149606299212594,
        0.00984251968503937
      ],
      [
        0.9,
        0.0196078431372549,
        0.00980392156862745,
        0.013725490196078431,
        0.047058823529411764,
        0.00980392156862745
      ],
      [
        0.8801571709233792,
        0.045186640471512766,
        0.009823182711198428,
        0.0137524557956778,
        0.0412573673870334,
        0.009823182711198428
      ],
      [
        0.8941176470588236,
        0.027450980392156862,
        0.00980392156862745,
        0.011764705882352941,
        0.047058823529411764,
        0.00980392156862745
      ],
      [
        0.898238747553816,
        0.025440313111545987,
        0.009784735812133072,
        0.009784735812133072,
        0.046966731898238745,
        0.009784735812133072
      ],
      [
        0.1232876712328767,
        0.025440313111545987,
        0.009784735812133072,
        0.009784735812133072,
        0.821917808219178,
        0.009784735812133072
      ],
      [
        0.951171875,
        0.009765625,
        0.009765625,
        0.009765625,
        0.009765625,
        0.009765625
      ],
      [
        0.025193798449612403,
        0.009689922480620155,
        0.009689922480620155,
        0.009689922480620155,
        0.936046511627907,
        0.009689922480620155
      ],
      [
        0.9514563106796116,
        0.009708737864077669,
        0.009708737864077669,
        0.009708737864077669,
        0.009708737864077669,
        0.009708737864077669
      ]
    ],
    [
      [
        0.9514563106796116,
        0.009708737864077669,
        0.009708737864077669,
        0.009708737864077669,
        0.009708737864077669,
        0.009708737864077669
      ],
      [
        0.9245647969052224,
        0.0367504835589942,
        0.009671179883945842,
        0.009671179883945842,
        0.009671179883945842,
        0.009671179883945842
      ],
      [
        0.8627450980392157,
        0.07450980392156863,
        0.00980392156862745,
        0.00980392156862745,
        0.03333333333333333,
        0.00980392156862745
      ],
      [
        0.6254901960784314,
        0.1411764705882353,
        0.00980392156862745,
        0.023529411764705882,
        0.19019607843137254,
        0.00980392156862745
      ],
      [
        0.8176470588235294,
        0.10196078431372549,
        0.00980392156862745,
        0.013725490196078431,
        0.047058823529411764,
        0.00980392156862745
      ],
      [
        0.8294117647058823,
        0.09411764705882353,
        0.00980392156862745,
        0.01568627450980392,
        0.041176470588235294,
        0.00980392156862745
      ],
      [
        0.8180039138943248,
        0.10567514677103718,
        0.009784735812133072,
        0.009784735812133072,
        0.046966731898238745,
        0.009784735812133072
      ],
      [
        0.5627450980392157,
        0.19803921568627453,
        0.00980392156862745,
        0.03333333333333333,
        0.18627450980392157,
        0.00980392156862745
      ],
      [
        0.14313725490196078,
        0.09607843137254903,
        0.00980392156862745,
        0.01568627450980392,
        0.7254901960784313,
        0.00980392156862745
      ],
      [
        0.8117647058823528,
        0.1196078431372549,
        0.00980392156862745,
        0.01568627450980392,
        0.03333333333333333,
        0.00980392156862745
      ],
      [
        0.8176470588235294,
        0.1196078431372549,
        0.00980392156862745,
        0.01568627450980392,
        0.027450980392156862,
        0.00980392156862745
      ],
      [
        0.7941176470588236,
        0.13725490196078433,
        0.00980392156862745,
        0.01568627450980392,
        0.03333333333333333,
        0.00980392156862745
      ],
      [
        0.1436893203883495,
        0.13009708737864079,
        0.009708737864077669,
        0.009708737864077669,
        0.6970873786407766,
        0.009708737864077669
      ],
      [
        0.8431372549019608,
        0.09411764705882353,
        0.00980392156862745,
        0.01568627450980392,
        0.027450980392156862,
        0.00980392156862745
      ],
      [
        0.08627450980392157,
        0.07450980392156863,
        0.00980392156862745,
        0.013725490196078431,
        0.8058823529411764,
        0.00980392156862745
      ],
      [
        0.8571428571428571,
        0.07827788649706457,
        0.009784735812133072,
        0.009784735812133072,
        0.03522504892367906,
        0.009784735812133072
      ],
      [
        0.11764705882352941,
        0.08235294117647059,
        0.00980392156862745,
        0.011764705882352941,
        0.7686274509803922,
        0.00980392156862745
      ],
      [
        0.8518518518518519,
        0.08576998050682261,
        0.009746588693957114,
        0.009746588693957114,
        0.033138401559454196,
        0.009746588693957114
      ],
      [
        0.8688845401174168,
        0.07632093933463796,
        0.009784735812133072,
        0.009784735812133072,
        0.025440313111545987,
        0.009784735812133072
      ],
      [
        0.853515625,
        0.076171875,
        0.009765625,
        0.009765625,
        0.041015625,
        0.009765625
      ],
      [
        0.8529411764705882,
        0.06470588235294118,
        0.00980392156862745,
        0.011764705882352941,
        0.050980392156862744,
        0.00980392156862745
      ],
      [
        0.8551859099804305,
        0.09197651663405088,
        0.009784735812133072,
        0.009784735812133072,
        0.023483365949119372,
        0.009784735812133072
      ],
      [
        0.10784313725490197,
        0.060784313725490195,
        0.00980392156862745,
        0.011764705882352941,
        0.7999999999999999,
        0.00980392156862745
      ],
      [
        0.873046875,
        0.076171875,
        0.009765625,
        0.009765625,
        0.021484375,
        0.009765625
      ],
      [
        0.6927592954990215,
        0.11350293542074365,
        0.009784735812133072,
        0.009784735812133072,
        0.16438356164383564,
        0.009784735812133072
      ],
      [
        0.863013698630137,
        0.07632093933463796,
        0.009784735812133072,
        0.009784735812133072,
        0.03131115459882583,
        0.009784735812133072
      ],
      [
        0.1764705882352941,
        0.08627450980392157,
        0.00980392156862745,
        0.01568627450980392,
        0.7019607843137254,
        0.00980392156862745
      ],
      [
        0.6823529411764705,
        0.09411764705882353,
        0.00980392156862745,
        0.013725490196078431,
        0.19019607843137254,
        0.00980392156862745
      ],
      [
        0.8372549019607842,
        0.08431372549019607,
        0.00980392156862745,
        0.025490196078431372,
        0.03333333333333333,
        0.00980392156862745
      ],
      [
        0.21176470588235294,
        0.09215686274509803,
        0.00980392156862745,
        0.023529411764705882,
        0.6529411764705882,
        0.00980392156862745
      ],
      [
        0.8571428571428571,
        0.07045009784735812,
        0.009784735812133072,
        0.009784735812133072,
        0.043052837573385516,
        0.009784735812133072
      ],
      [
        0.1764705882352941,
        0.07254901960784313,
        0.00980392156862745,
        0.0196078431372549,
        0.7117647058823529,
        0.00980392156862745
      ],
      [
        0.8588235294117647,
        0.06862745098039216,
        0.00980392156862745,
        0.0196078431372549,
        0.03333333333333333,
        0.00980392156862745
      ],
      [
        0.14481409001956946,
        0.060665362035225046,
        0.009784735812133072,
        0.009784735812133072,
        0.7651663405088063,
        0.009784735812133072
      ],
      [
        0.12156862745098039,
        0.056862745098039215,
        0.00980392156862745,
        0.00980392156862745,
        0.7921568627450981,
        0.00980392156862745
      ],
      [
        0.10392156862745097,
        0.06666666666666667,
        0.00980392156862745,
        0.013725490196078431,
        0.7960784313725491,
        0.00980392156862745
      ],
      [
        0.892578125,
        0.048828125,
        0.009765625,
        0.009765625,
        0.029296875,
        0.009765625
      ],
      [
        0.9515503875968991,
        0.009689922480620155,
        0.009689922480620155,
        0.009689922480620155,
        0.009689922480620155,
        0.009689922480620155
      ],
      [
        0.949317738791423,
        0.011695906432748537,
        0.009746588693957114,
        0.009746588693957114,
        0.009746588693957114,
        0.009746588693957114
      ],
      [
        0.9514563106796116,
        0.009708737864077669,
        0.009708737864077669,
        0.009708737864077669,
        0.009708737864077669,
        0.009708737864077669
      ]
    ],
    [
      [
        0.9514563106796116,
        0.009708737864077669,
        0.009708737864077669,
        0.009708737864077669,
        0.009708737864077669,
        0.009708737864077669
      ],
      [
        0.9278752436647173,
        0.033138401559454196,
        0.009746588693957114,
        0.009746588693957114,
        0.009746588693957114,
        0.009746588693957114
      ],
      [
        0.8058823529411764,
        0.09607843137254903,
        0.00980392156862745,
        0.021568627450980392,
        0.056862745098039215,
        0.00980392156862745
      ],
      [
        0.15098039215686274,
        0.07647058823529411,
        0.00980392156862745,
        0.01764705882352941,
        0.7352941176470588,
        0.00980392156862745
      ],
      [
        0.14705882352941177,
        0.12549019607843137,
        0.00980392156862745,
        0.021568627450980392,
        0.6862745098039215,
        0.00980392156862745
      ],
      [
        0.16569200779727097,
        0.1189083820662768,
        0.009746588693957114,
        0.009746588693957114,
        0.6861598440545809,
        0.009746588693957114
      ],
      [
        0.8317025440313112,
        0.09197651663405088,
        0.009784735812133072,
        0.009784735812133072,
        0.046966731898238745,
        0.009784735812133072
      ],
      [
        0.8058823529411764,
        0.10784313725490197,
        0.00980392156862745,
        0.013725490196078431,
        0.052941176470588235,
        0.00980392156862745
      ],
      [
        0.8258317025440313,
        0.1095890410958904,
        0.009784735812133072,
        0.009784735812133072,
        0.03522504892367906,
        0.009784735812133072
      ],
      [
        0.7725490196078432,
        0.13333333333333333,
        0.00980392156862745,
        0.01764705882352941,
        0.056862745098039215,
        0.00980392156862745
      ],
      [
        0.13333333333333333,
        0.10784313725490197,
        0.00980392156862745,
        0.00980392156862745,
        0.7294117647058823,
        0.00980392156862745
      ],
      [
        0.11568627450980391,
        0.15294117647058822,
        0.00980392156862745,
        0.01568627450980392,
        0.696078431372549,
        0.00980392156862745
      ],
      [
        0.7882352941176471,
        0.12352941176470589,
        0.00980392156862745,
        0.01568627450980392,
        0.052941176470588235,
        0.00980392156862745
      ],
      [
        0.8450980392156863,
        0.08431372549019607,
        0.00980392156862745,
        0.0196078431372549,
        0.03137254901960784,
        0.00980392156862745
      ],
      [
        0.10588235294117647,
        0.07254901960784313,
        0.00980392156862745,
        0.0196078431372549,
        0.7823529411764706,
        0.00980392156862745
      ],
      [
        0.826171875,
        0.125,
        0.009765625,
        0.009765625,
        0.01953125,
        0.009765625
      ],
      [
        0.8297455968688845,
        0.10763209393346379,
        0.009784735812133072,
        0.009784735812133072,
        0.03326810176125245,
        0.009784735812133072
      ],
      [
        0.8414872798434442,
        0.09980430528375733,
        0.009784735812133072,
        0.009784735812133072,
        0.029354207436399216,
        0.009784735812133072
      ],
      [
        0.8966861598440546,
        0.06237816764132553,
        0.009746588693957114,
        0.011695906432748537,
        0.009746588693957114,
        0.009746588693957114
      ],
      [
        0.8529411764705882,
        0.08235294117647059,
        0.00980392156862745,
        0.01568627450980392,
        0.029411764705882353,
        0.00980392156862745
      ],
      [
        0.10196078431372549,
        0.09999999999999999,
        0.00980392156862745,
        0.01568627450980392,
        0.7627450980392158,
        0.00980392156862745
      ],
      [
        0.11975,
        0.15825,
        0.03125,
        0.04025,
        0.6192500000000001,
        0.03125
      ],
      [
        0.73425,
        0.10175000000000001,
        0.03125,
        0.04625,
        0.05525,
        0.03125
      ],
      [
        0.69425,
        0.14925,
        0.03125,
        0.03725,
        0.05675,
        0.03125
      ],
      [
        0.76725,
        0.09275,
        0.03125,
        0.03725,
        0.04025,
        0.03125
      ],
      [
        0.12725,
        0.09275,
        0.03125,
        0.04025,
        0.67725,
        0.03125
      ],
      [
        0.66425,
        0.15225,
        0.03125,
        0.04625,
        0.07475000000000001,
        0.03125
      ],
      [
        0.73575,
        0.08675,
        0.03125,
        0.04325,
        0.07175000000000001,
        0.03125
      ],
      [
        0.73575,
        0.09875,
        0.03125,
        0.04175,
        0.06125,
        0.03125
      ],
      [
        0.67625,
        0.16425,
        0.03125,
        0.04175,
        0.05525,
        0.03125
      ],
      [
        0.72075,
        0.09425,
        0.03125,
        0.04025,
        0.08225,
        0.03125
      ],
      [
        0.45275000000000004,
        0.26175000000000004,
        0.03125,
        0.05375,
        0.16925,
        0.03125
      ],
      [
        0.6957500000000001,
        0.14025,
        0.03125000000000001,
        0.03875000000000001,
        0.06275000000000001,
        0.03125000000000001
      ],
      [
        0.75075,
        0.08075,
        0.03125,
        0.035750000000000004,
        0.07025,
        0.03125
      ],
      [
        0.13175,
        0.07625,
        0.03125,
        0.04475,
        0.68475,
        0.03125
      ],
      [
        0.7582500000000001,
        0.07775000000000001,
        0.03125000000000001,
        0.03875000000000001,
        0.06275000000000001,
        0.03125000000000001
      ],
      [
        0.888454011741683,
        0.043052837573385516,
        0.009784735812133072,
        0.009784735812133072,
        0.03913894324853229,
        0.009784735812133072
      ],
      [
        0.943359375,
        0.017578125,
        0.009765625,
        0.009765625,
        0.009765625,
        0.009765625
      ],
      [
        0.9514563106796116,
        0.009708737864077669,
        0.009708737864077669,
        0.009708737864077669,
        0.009708737864077669,
        0.009708737864077669
      ],
      [
        0.9514563106796116,
        0.009708737864077669,
        0.009708737864077669,
        0.009708737864077669,
        0.009708737864077669,
        0.009708737864077669
      ]
    ],
    [
      [
        0.9514563106796116,
        0.009708737864077669,
        0.009708737864077669,
        0.009708737864077669,
        0.009708737864077669,
        0.009708737864077669
      ],
      [
        0.09019607843137255,
        0.045098039215686274,
        0.00980392156862745,
        0.011764705882352941,
        0.8333333333333333,
        0.00980392156862745
      ],
      [
        0.8235294117647058,
        0.10784313725490197,
        0.00980392156862745,
        0.01568627450980392,
        0.03333333333333333,
        0.00980392156862745
      ],
      [
        0.1411764705882353,
        0.08431372549019607,
        0.00980392156862745,
        0.013725490196078431,
        0.7411764705882353,
        0.00980392156862745
      ],
      [
        0.1588235294117647,
        0.10392156862745097,
        0.00980392156862745,
        0.011764705882352941,
        0.7058823529411764,
        0.00980392156862745
      ],
      [
        0.16862745098039214,
        0.10588235294117647,
        0.00980392156862745,
        0.011764705882352941,
        0.6941176470588235,
        0.00980392156862745
      ],
      [
        0.1764705882352941,
        0.13725490196078433,
        0.00980392156862745,
        0.00980392156862745,
        0.6568627450980392,
        0.00980392156862745
      ],
      [
        0.7647058823529412,
        0.14509803921568626,
        0.00980392156862745,
        0.01764705882352941,
        0.052941176470588235,
        0.00980392156862745
      ],
      [
        0.8274509803921568,
        0.12352941176470589,
        0.00980392156862745,
        0.01568627450980392,
        0.013725490196078431,
        0.00980392156862745
      ],
      [
        0.7823529411764706,
        0.14509803921568626,
        0.00980392156862745,
        0.01568627450980392,
        0.03725490196078431,
        0.00980392156862745
      ],
      [
        0.12745098039215685,
        0.1196078431372549,
        0.00980392156862745,
        0.013725490196078431,
        0.7196078431372549,
        0.00980392156862745
      ],
      [
        0.7705882352941177,
        0.14705882352941177,
        0.00980392156862745,
        0.011764705882352941,
        0.050980392156862744,
        0.00980392156862745
      ],
      [
        0.7843137254901961,
        0.12156862745098039,
        0.00980392156862745,
        0.025490196078431372,
        0.049019607843137254,
        0.00980392156862745
      ],
      [
        0.8215686274509804,
        0.11372549019607843,
        0.00980392156862745,
        0.00980392156862745,
        0.03529411764705882,
        0.00980392156862745
      ],
      [
        0.09411764705882353,
        0.09411764705882353,
        0.00980392156862745,
        0.00980392156862745,
        0.7823529411764706,
        0.00980392156862745
      ],
      [
        0.10784313725490197,
        0.12156862745098039,
        0.00980392156862745,
        0.00980392156862745,
        0.7411764705882353,
        0.00980392156862745
      ],
      [
        0.8199608610567514,
        0.11545988258317025,
        0.009784735812133072,
        0.009784735812133072,
        0.03522504892367906,
        0.009784735812133072
      ],
      [
        0.8463035019455253,
        0.11478599221789883,
        0.009727626459143969,
        0.009727626459143969,
        0.009727626459143969,
        0.009727626459143969
      ],
      [
        0.8411764705882353,
        0.10980392156862745,
        0.00980392156862745,
        0.0196078431372549,
        0.00980392156862745,
        0.00980392156862745
      ],
      [
        0.8294117647058823,
        0.09999999999999999,
        0.00980392156862745,
        0.01764705882352941,
        0.03333333333333333,
        0.00980392156862745
      ],
      [
        0.11568627450980391,
        0.10980392156862745,
        0.00980392156862745,
        0.0196078431372549,
        0.7352941176470588,
        0.00980392156862745
      ],
      [
        0.71325,
        0.12425000000000001,
        0.03125000000000001,
        0.044750000000000005,
        0.05525000000000001,
        0.03125000000000001
      ],
      [
        0.72975,
        0.10475000000000001,
        0.03125,
        0.03875,
        0.06425,
        0.03125
      ],
      [
        0.14375,
        0.11525,
        0.03125,
        0.035750000000000004,
        0.6427499999999999,
        0.03125
      ],
      [
        0.69425,
        0.16125,
        0.03125,
        0.03725,
        0.04475,
        0.03125
      ],
      [
        0.73575,
        0.10625000000000001,
        0.03125,
        0.04025,
        0.05525,
        0.03125
      ],
      [
        0.65825,
        0.16875,
        0.03125,
        0.04025,
        0.07025,
        0.03125
      ],
      [
        0.7432500000000001,
        0.10025000000000002,
        0.03125000000000001,
        0.043250000000000004,
        0.05075000000000001,
        0.03125000000000001
      ],
      [
        0.6567500000000001,
        0.10625000000000002,
        0.03125000000000001,
        0.043250000000000004,
        0.13125000000000003,
        0.03125000000000001
      ],
      [
        0.76575,
        0.09425,
        0.03125,
        0.04025,
        0.03725,
        0.03125
      ],
      [
        0.73575,
        0.08975,
        0.03125,
        0.04475,
        0.06725,
        0.03125
      ],
      [
        0.17225000000000001,
        0.15075,
        0.03125,
        0.04325,
        0.57125,
        0.03125
      ],
      [
        0.74175,
        0.08225,
        0.03125,
        0.03875,
        0.07475000000000001,
        0.03125
      ],
      [
        0.75375,
        0.08375,
        0.03125,
        0.03725,
        0.06275,
        0.03125
      ],
      [
        0.69875,
        0.14325,
        0.03125,
        0.03725,
        0.058249999999999996,
        0.03125
      ],
      [
        0.7732500000000001,
        0.07175000000000002,
        0.03125000000000001,
        0.03875000000000001,
        0.053750000000000006,
        0.03125000000000001
      ],
      [
        0.8929961089494164,
        0.054474708171206226,
        0.009727626459143969,
        0.009727626459143969,
        0.023346303501945526,
        0.009727626459143969
      ],
      [
        0.025490196078431372,
        0.0196078431372549,
        0.00980392156862745,
        0.00980392156862745,
        0.9254901960784313,
        0.00980392156862745
      ],
      [
        0.9514563106796116,
        0.009708737864077669,
        0.009708737864077669,
        0.009708737864077669,
        0.009708737864077669,
        0.009708737864077669
      ],
      [
        0.9514563106796116,
        0.009708737864077669,
        0.009708737864077669,
        0.009708737864077669,
        0.009708737864077669,
        0.009708737864077669
      ]
    ],
    [
      [
        0.9514563106796116,
        0.009708737864077669,
        0.009708737864077669,
        0.009708737864077669,
        0.009708737864077669,
        0.009708737864077669
      ],
      [
        0.9064327485380117,
        0.04093567251461989,
        0.009746588693957114,
        0.009746588693957114,
        0.023391812865497075,
        0.009746588693957114
      ],
      [
        0.83984375,
        0.095703125,
        0.009765625,
        0.009765625,
        0.03515625,
        0.009765625
      ],
      [
        0.14509803921568626,
        0.09411764705882353,
        0.00980392156862745,
        0.01764705882352941,
        0.7235294117647059,
        0.00980392156862745
      ],
      [
        0.7980392156862745,
        0.11372549019607843,
        0.00980392156862745,
        0.013725490196078431,
        0.054901960784313725,
        0.00980392156862745
      ],
      [
        0.7999999999999999,
        0.11568627450980391,
        0.00980392156862745,
        0.01568627450980392,
        0.049019607843137254,
        0.00980392156862745
      ],
      [
        0.17450980392156862,
        0.12156862745098039,
        0.00980392156862745,
        0.01764705882352941,
        0.6666666666666667,
        0.00980392156862745
      ],
      [
        0.48823529411764705,
        0.2627450980392157,
        0.00980392156862745,
        0.060784313725490195,
        0.16862745098039214,
        0.00980392156862745
      ],
      [
        0.7843137254901961,
        0.11372549019607843,
        0.00980392156862745,
        0.025490196078431372,
        0.056862745098039215,
        0.00980392156862745
      ],
      [
        0.7745098039215687,
        0.13137254901960785,
        0.00980392156862745,
        0.021568627450980392,
        0.052941176470588235,
        0.00980392156862745
      ],
      [
        0.1627450980392157,
        0.14509803921568626,
        0.00980392156862745,
        0.023529411764705882,
        0.6490196078431373,
        0.00980392156862745
      ],
      [
        0.15294117647058822,
        0.14901960784313725,
        0.00980392156862745,
        0.023529411764705882,
        0.6549019607843137,
        0.00980392156862745
      ],
      [
        0.7686274509803922,
        0.1411764705882353,
        0.00980392156862745,
        0.01568627450980392,
        0.054901960784313725,
        0.00980392156862745
      ],
      [
        0.7803921568627451,
        0.1411764705882353,
        0.00980392156862745,
        0.023529411764705882,
        0.03529411764705882,
        0.00980392156862745
      ],
      [
        0.13725490196078433,
        0.11176470588235295,
        0.00980392156862745,
        0.0196078431372549,
        0.7117647058823529,
        0.00980392156862745
      ],
      [
        0.7921568627450981,
        0.12941176470588237,
        0.00980392156862745,
        0.01764705882352941,
        0.041176470588235294,
        0.00980392156862745
      ],
      [
        0.826171875,
        0.11523437499999999,
        0.009765625,
        0.009765625,
        0.029296875,
        0.009765625
      ],
      [
        0.8490196078431372,
        0.10588235294117647,
        0.00980392156862745,
        0.013725490196078431,
        0.011764705882352941,
        0.00980392156862745
      ],
      [
        0.8509803921568627,
        0.10588235294117647,
        0.00980392156862745,
        0.011764705882352941,
        0.011764705882352941,
        0.00980392156862745
      ],
      [
        0.8078431372549019,
        0.11568627450980391,
        0.00980392156862745,
