{
  "prediction": [
    [
      [
        0.9514563106796116,
        0.009708737864077669,
        0.009708737864077669,
        0.009708737864077669,
        0.009708737864077669,
        0.009708737864077669
      ],
      [
        0.9514563106796116,
        0.009708737864077669,
        0.009708737864077669,
        0.009708737864077669,
        0.009708737864077669,
        0.009708737864077669
      ],
      [
        0.9514563106796116,
        0.009708737864077669,
        0.009708737864077669,
        0.009708737864077669,
        0.009708737864077669,
        0.009708737864077669
      ],
      [
        0.9514563106796116,
        0.009708737864077669,
        0.009708737864077669,
        0.009708737864077669,
        0.009708737864077669,
        0.009708737864077669
      ],
      [
        0.9514563106796116,
        0.009708737864077669,
        0.009708737864077669,
        0.009708737864077669,
        0.009708737864077669,
        0.009708737864077669
      ],
      [
        0.9514563106796116,
        0.009708737864077669,
        0.009708737864077669,
        0.009708737864077669,
        0.009708737864077669,
        0.009708737864077669
      ],
      [
        0.9514563106796116,
        0.009708737864077669,
        0.009708737864077669,
        0.009708737864077669,
        0.009708737864077669,
        0.009708737864077669
      ],
      [
        0.9514563106796116,
        0.009708737864077669,
        0.009708737864077669,
        0.009708737864077669,
        0.009708737864077669,
        0.009708737864077669
      ],
      [
        0.9514563106796116,
        0.009708737864077669,
        0.009708737864077669,
        0.009708737864077669,
        0.009708737864077669,
        0.009708737864077669
      ],
      [
        0.9514563106796116,
        0.009708737864077669,
        0.009708737864077669,
        0.009708737864077669,
        0.009708737864077669,
        0.009708737864077669
      ],
      [
        0.9514563106796116,
        0.009708737864077669,
        0.009708737864077669,
        0.009708737864077669,
        0.009708737864077669,
        0.009708737864077669
      ],
      [
        0.9514563106796116,
        0.009708737864077669,
        0.009708737864077669,
        0.009708737864077669,
        0.009708737864077669,
        0.009708737864077669
      ],
      [
        0.9514563106796116,
        0.009708737864077669,
        0.009708737864077669,
        0.009708737864077669,
        0.009708737864077669,
        0.009708737864077669
      ],
      [
        0.9514563106796116,
        0.009708737864077669,
        0.009708737864077669,
        0.009708737864077669,
        0.009708737864077669,
        0.009708737864077669
      ],
      [
        0.9514563106796116,
        0.009708737864077669,
        0.009708737864077669,
        0.009708737864077669,
        0.009708737864077669,
        0.009708737864077669
      ],
      [
        0.9514563106796116,
        0.009708737864077669,
        0.009708737864077669,
        0.009708737864077669,
        0.009708737864077669,
        0.009708737864077669
      ],
      [
        0.9514563106796116,
        0.009708737864077669,
        0.009708737864077669,
        0.009708737864077669,
        0.009708737864077669,
        0.009708737864077669
      ],
      [
        0.9514563106796116,
        0.009708737864077669,
        0.009708737864077669,
        0.009708737864077669,
        0.009708737864077669,
        0.009708737864077669
      ],
      [
        0.9514563106796116,
        0.009708737864077669,
        0.009708737864077669,
        0.009708737864077669,
        0.009708737864077669,
        0.009708737864077669
      ],
      [
        0.9514563106796116,
        0.009708737864077669,
        0.009708737864077669,
        0.009708737864077669,
        0.009708737864077669,
        0.009708737864077669
      ],
      [
        0.9514563106796116,
        0.009708737864077669,
        0.009708737864077669,
        0.009708737864077669,
        0.009708737864077669,
        0.009708737864077669
      ],
      [
        0.9514563106796116,
        0.009708737864077669,
        0.009708737864077669,
        0.009708737864077669,
        0.009708737864077669,
        0.009708737864077669
      ],
      [
        0.9514563106796116,
        0.009708737864077669,
        0.009708737864077669,
        0.009708737864077669,
        0.009708737864077669,
        0.009708737864077669
      ],
      [
        0.9514563106796116,
        0.009708737864077669,
        0.009708737864077669,
        0.009708737864077669,
        0.009708737864077669,
        0.009708737864077669
      ],
      [
        0.9514563106796116,
        0.009708737864077669,
        0.009708737864077669,
        0.009708737864077669,
        0.009708737864077669,
        0.009708737864077669
      ],
      [
        0.9514563106796116,
        0.009708737864077669,
        0.009708737864077669,
        0.009708737864077669,
        0.009708737864077669,
        0.009708737864077669
      ],
      [
        0.9514563106796116,
        0.009708737864077669,
        0.009708737864077669,
        0.009708737864077669,
        0.009708737864077669,
        0.009708737864077669
      ],
      [
        0.9514563106796116,
        0.009708737864077669,
        0.009708737864077669,
        0.009708737864077669,
        0.009708737864077669,
        0.009708737864077669
      ],
      [
        0.9514563106796116,
        0.009708737864077669,
        0.009708737864077669,
        0.009708737864077669,
        0.009708737864077669,
        0.009708737864077669
      ],
      [
        0.9514563106796116,
        0.009708737864077669,
        0.009708737864077669,
        0.009708737864077669,
        0.009708737864077669,
        0.009708737864077669
      ],
      [
        0.9514563106796116,
        0.009708737864077669,
        0.009708737864077669,
        0.009708737864077669,
        0.009708737864077669,
        0.009708737864077669
      ],
      [
        0.9514563106796116,
        0.009708737864077669,
        0.009708737864077669,
        0.009708737864077669,
        0.009708737864077669,
        0.009708737864077669
      ],
      [
        0.9514563106796116,
        0.009708737864077669,
        0.009708737864077669,
        0.009708737864077669,
        0.009708737864077669,
        0.009708737864077669
      ],
      [
        0.9514563106796116,
        0.009708737864077669,
        0.009708737864077669,
        0.009708737864077669,
        0.009708737864077669,
        0.009708737864077669
      ],
      [
        0.9514563106796116,
        0.009708737864077669,
        0.009708737864077669,
        0.009708737864077669,
        0.009708737864077669,
        0.009708737864077669
      ],
      [
        0.9514563106796116,
        0.009708737864077669,
        0.009708737864077669,
        0.009708737864077669,
        0.009708737864077669,
        0.009708737864077669
      ],
      [
        0.9514563106796116,
        0.009708737864077669,
        0.009708737864077669,
        0.009708737864077669,
        0.009708737864077669,
        0.009708737864077669
      ],
      [
        0.9514563106796116,
        0.009708737864077669,
        0.009708737864077669,
        0.009708737864077669,
        0.009708737864077669,
        0.009708737864077669
      ],
      [
        0.9514563106796116,
        0.009708737864077669,
        0.009708737864077669,
        0.009708737864077669,
        0.009708737864077669,
        0.009708737864077669
      ],
      [
        0.9514563106796116,
        0.009708737864077669,
        0.009708737864077669,
        0.009708737864077669,
        0.009708737864077669,
        0.009708737864077669
      ]
    ],
    [
      [
        0.9514563106796116,
        0.009708737864077669,
        0.009708737864077669,
        0.009708737864077669,
        0.009708737864077669,
        0.009708737864077669
      ],
      [
        0.9520153550863724,
        0.009596928982725527,
        0.009596928982725527,
        0.009596928982725527,
        0.009596928982725527,
        0.009596928982725527
      ],
      [
        0.9453125,
        0.009765625,
        0.009765625,
        0.009765625,
        0.015625,
        0.009765625
      ],
      [
        0.9517374517374517,
        0.009652509652509652,
        0.009652509652509652,
        0.009652509652509652,
        0.009652509652509652,
        0.009652509652509652
      ],
      [
        0.9478764478764479,
        0.013513513513513513,
        0.009652509652509652,
        0.009652509652509652,
        0.009652509652509652,
        0.009652509652509652
      ],
      [
        0.9436893203883495,
        0.011650485436893204,
        0.009708737864077669,
        0.009708737864077669,
        0.015533980582524271,
        0.009708737864077669
      ],
      [
        0.07212475633528265,
        0.01364522417153996,
        0.009746588693957114,
        0.009746588693957114,
        0.8849902534113061,
        0.009746588693957114
      ],
      [
        0.9275929549902152,
        0.023483365949119372,
        0.009784735812133072,
        0.009784735812133072,
        0.019569471624266144,
        0.009784735812133072
      ],
      [
        0.935672514619883,
        0.023391812865497075,
        0.009746588693957114,
        0.009746588693957114,
        0.011695906432748537,
        0.009746588693957114
      ],
      [
        0.9392156862745098,
        0.0196078431372549,
        0.00980392156862745,
        0.00980392156862745,
        0.011764705882352941,
        0.00980392156862745
      ],
      [
        0.17578125,
        0.048828125,
        0.009765625,
        0.009765625,
        0.74609375,
        0.009765625
      ],
      [
        0.8759842519685039,
        0.05708661417322835,
        0.00984251968503937,
        0.00984251968503937,
        0.0374015748031496,
        0.00984251968503937
      ],
      [
        0.8568627450980392,
        0.06274509803921569,
        0.00980392156862745,
        0.01764705882352941,
        0.043137254901960784,
        0.00980392156862745
      ],
      [
        0.8784313725490196,
        0.049019607843137254,
        0.00980392156862745,
        0.00980392156862745,
        0.043137254901960784,
        0.00980392156862745
      ],
      [
        0.90625,
        0.033203125,
        0.009765625,
        0.009765625,
        0.03125,
        0.009765625
      ],
      [
        0.1952662721893491,
        0.03944773175542406,
        0.009861932938856016,
        0.009861932938856016,
        0.7357001972386588,
        0.009861932938856016
      ],
      [
        0.8686274509803922,
        0.041176470588235294,
        0.00980392156862745,
        0.00980392156862745,
        0.060784313725490195,
        0.00980392156862745
      ],
      [
        0.8821218074656189,
        0.047151277013752456,
        0.009823182711198428,
        0.015717092337917484,
        0.03536345776031434,
        0.009823182711198428
      ],
      [
        0.13921568627450978,
        0.021568627450980392,
        0.00980392156862745,
        0.00980392156862745,
        0.8098039215686273,
        0.00980392156862745
      ],
      [
        0.8901960784313726,
        0.03333333333333333,
        0.00980392156862745,
        0.00980392156862745,
        0.047058823529411764,
        0.00980392156862745
      ],
      [
        0.9514563106796116,
        0.009708737864077669,
        0.009708737864077669,
        0.009708737864077669,
        0.009708737864077669,
        0.009708737864077669
      ],
      [
        0.9519230769230769,
        0.009615384615384616,
        0.009615384615384616,
        0.009615384615384616,
        0.009615384615384616,
        0.009615384615384616
      ],
      [
        0.9517374517374517,
        0.009652509652509652,
        0.009652509652509652,
        0.009652509652509652,
        0.009652509652509652,
        0.009652509652509652
      ],
      [
        0.9521072796934865,
        0.009578544061302681,
        0.009578544061302681,
        0.009578544061302681,
        0.009578544061302681,
        0.009578544061302681
      ],
      [
        0.9514563106796116,
        0.009708737864077669,
        0.009708737864077669,
        0.009708737864077669,
        0.009708737864077669,
        0.009708737864077669
      ],
      [
        0.9514563106796116,
        0.009708737864077669,
        0.009708737864077669,
        0.009708737864077669,
        0.009708737864077669,
        0.009708737864077669
      ],
      [
        0.9514563106796116,
        0.009708737864077669,
        0.009708737864077669,
        0.009708737864077669,
        0.009708737864077669,
        0.009708737864077669
      ],
      [
        0.9514563106796116,
        0.009708737864077669,
        0.009708737864077669,
        0.009708737864077669,
        0.009708737864077669,
        0.009708737864077669
      ],
      [
        0.9514563106796116,
        0.009708737864077669,
        0.009708737864077669,
        0.009708737864077669,
        0.009708737864077669,
        0.009708737864077669
      ],
      [
        0.9514563106796116,
        0.009708737864077669,
        0.009708737864077669,
        0.009708737864077669,
        0.009708737864077669,
        0.009708737864077669
      ],
      [
        0.9519230769230769,
        0.009615384615384616,
        0.009615384615384616,
        0.009615384615384616,
        0.009615384615384616,
        0.009615384615384616
      ],
      [
        0.9518304431599229,
        0.009633911368015413,
        0.009633911368015413,
        0.009633911368015413,
        0.009633911368015413,
        0.009633911368015413
      ],
      [
        0.9361702127659574,
        0.009671179883945842,
        0.009671179883945842,
        0.009671179883945842,
        0.025145067698259187,
        0.009671179883945842
      ],
      [
        0.937984496124031,
        0.009689922480620155,
        0.009689922480620155,
        0.009689922480620155,
        0.023255813953488372,
        0.009689922480620155
      ],
      [
        0.9382239382239381,
        0.009652509652509652,
        0.009652509652509652,
        0.009652509652509652,
        0.023166023166023165,
        0.009652509652509652
      ],
      [
        0.9339805825242717,
        0.009708737864077669,
        0.009708737864077669,
        0.009708737864077669,
        0.027184466019417475,
        0.009708737864077669
      ],
      [
        0.08897485493230174,
        0.009671179883945842,
        0.009671179883945842,
        0.009671179883945842,
        0.8723404255319149,
        0.009671179883945842
      ],
      [
        0.9381044487427466,
        0.009671179883945842,
        0.009671179883945842,
        0.009671179883945842,
        0.02321083172147002,
        0.009671179883945842
      ],
      [
        0.9521988527724665,
        0.009560229445506692,
        0.009560229445506692,
        0.009560229445506692,
        0.009560229445506692,
        0.009560229445506692
      ],
      [
        0.9514563106796116,
        0.009708737864077669,
        0.009708737864077669,
        0.009708737864077669,
        0.009708737864077669,
        0.009708737864077669
      ]
    ],
    [
      [
        0.9514563106796116,
        0.009708737864077669,
        0.009708737864077669,
        0.009708737864077669,
        0.009708737864077669,
        0.009708737864077669
      ],
      [
        0.08949416342412451,
        0.009727626459143969,
        0.009727626459143969,
        0.009727626459143969,
        0.8715953307392996,
        0.009727626459143969
      ],
      [
        0.9298245614035087,
        0.01364522417153996,
        0.009746588693957114,
        0.009746588693957114,
        0.02729044834307992,
        0.009746588693957114
      ],
      [
        0.9419729206963249,
        0.019342359767891684,
        0.009671179883945842,
        0.009671179883945842,
        0.009671179883945842,
        0.009671179883945842
      ],
      [
        0.9402697495183043,
        0.02119460500963391,
        0.009633911368015413,
        0.009633911368015413,
        0.009633911368015413,
        0.009633911368015413
      ],
      [
        0.9295499021526418,
        0.023483365949119372,
        0.009784735812133072,
        0.009784735812133072,
        0.01761252446183953,
        0.009784735812133072
      ],
      [
        0.8921568627450981,
        0.052941176470588235,
        0.00980392156862745,
        0.00980392156862745,
        0.025490196078431372,
        0.00980392156862745
      ],
      [
        0.0622568093385214,
        0.04085603112840467,
        0.009727626459143969,
        0.009727626459143969,
        0.867704280155642,
        0.009727626459143969
      ],
      [
        0.9160156249999999,
        0.03125,
        0.009765625,
        0.009765625,
        0.0234375,
        0.009765625
      ],
      [
        0.9238281249999999,
        0.037109375,
        0.009765625,
        0.009765625,
        0.009765625,
        0.009765625
      ],
      [
        0.8509803921568627,
        0.06862745098039216,
        0.00980392156862745,
        0.011764705882352941,
        0.049019607843137254,
        0.00980392156862745
      ],
      [
        0.15264187866927592,
        0.08610567514677103,
        0.009784735812133072,
        0.009784735812133072,
        0.7318982387475538,
        0.009784735812133072
      ],
      [
        0.17450980392156862,
        0.09607843137254903,
        0.00980392156862745,
        0.01568627450980392,
        0.6941176470588235,
        0.00980392156862745
      ],
      [
        0.8431372549019608,
        0.08235294117647059,
        0.00980392156862745,
        0.0196078431372549,
        0.03529411764705882,
        0.00980392156862745
      ],
      [
        0.8649706457925636,
        0.07436399217221135,
        0.009784735812133072,
        0.009784735812133072,
        0.03131115459882583,
        0.009784735812133072
      ],
      [
        0.8450980392156863,
        0.07647058823529411,
        0.00980392156862745,
        0.0196078431372549,
        0.0392156862745098,
        0.00980392156862745
      ],
      [
        0.1627450980392157,
        0.07647058823529411,
        0.00980392156862745,
        0.011764705882352941,
        0.7294117647058823,
        0.00980392156862745
      ],
      [
        0.13529411764705884,
        0.0784313725490196,
        0.00980392156862745,
        0.01764705882352941,
        0.7490196078431373,
        0.00980392156862745
      ],
      [
        0.8658777120315582,
        0.0611439842209073,
        0.009861932938856016,
        0.011834319526627219,
        0.04142011834319527,
        0.009861932938856016
      ],
      [
        0.9514563106796116,
        0.009708737864077669,
        0.009708737864077669,
        0.009708737864077669,
        0.009708737864077669,
        0.009708737864077669
      ],
      [
        0.1811023622047244,
        0.04133858267716536,
        0.00984251968503937,
        0.013779527559055118,
        0.7440944881889764,
        0.00984251968503937
      ],
      [
        0.939453125,
        0.021484375,
        0.009765625,
        0.009765625,
        0.009765625,
        0.009765625
      ],
      [
        0.01160541586073501,
        0.009671179883945842,
        0.009671179883945842,
        0.009671179883945842,
        0.9497098646034816,
        0.009671179883945842
      ],
      [
        0.9516441005802707,
        0.009671179883945842,
        0.009671179883945842,
        0.009671179883945842,
        0.009671179883945842,
        0.009671179883945842
      ],
      [
        0.027079303675048357,
        0.009671179883945842,
        0.009671179883945842,
        0.009671179883945842,
        0.9342359767891683,
        0.009671179883945842
      ],
      [
        0.9514563106796116,
        0.009708737864077669,
        0.009708737864077669,
        0.009708737864077669,
        0.009708737864077669,
        0.009708737864077669
      ],
      [
        0.9514563106796116,
        0.009708737864077669,
        0.009708737864077669,
        0.009708737864077669,
        0.009708737864077669,
        0.009708737864077669
      ],
      [
        0.9514563106796116,
        0.009708737864077669,
        0.009708737864077669,
        0.009708737864077669,
        0.009708737864077669,
        0.009708737864077669
      ],
      [
        0.9514563106796116,
        0.009708737864077669,
        0.009708737864077669,
        0.009708737864077669,
        0.009708737864077669,
        0.009708737864077669
      ],
      [
        0.9517374517374517,
        0.009652509652509652,
        0.009652509652509652,
        0.009652509652509652,
        0.009652509652509652,
        0.009652509652509652
      ],
      [
        0.9420849420849421,
        0.019305019305019305,
        0.009652509652509652,
        0.009652509652509652,
        0.009652509652509652,
        0.009652509652509652
      ],
      [
        0.948076923076923,
        0.01346153846153846,
        0.009615384615384616,
        0.009615384615384616,
        0.009615384615384616,
        0.009615384615384616
      ],
      [
        0.9395711500974658,
        0.009746588693957114,
        0.009746588693957114,
        0.009746588693957114,
        0.021442495126705652,
        0.009746588693957114
      ],
      [
        0.0854368932038835,
        0.011650485436893204,
        0.009708737864077669,
        0.009708737864077669,
        0.8737864077669902,
        0.009708737864077669
      ],
      [
        0.9436893203883495,
        0.011650485436893204,
        0.009708737864077669,
        0.009708737864077669,
        0.015533980582524271,
        0.009708737864077669
      ],
      [
        0.933463796477495,
        0.009784735812133072,
        0.009784735812133072,
        0.009784735812133072,
        0.0273972602739726,
        0.009784735812133072
      ],
      [
        0.9517374517374517,
        0.009652509652509652,
        0.009652509652509652,
        0.009652509652509652,
        0.009652509652509652,
        0.009652509652509652
      ],
      [
        0.9398058252427184,
        0.011650485436893204,
        0.009708737864077669,
        0.009708737864077669,
        0.019417475728155338,
        0.009708737864077669
      ],
      [
        0.9519230769230769,
        0.009615384615384616,
        0.009615384615384616,
        0.009615384615384616,
        0.009615384615384616,
        0.009615384615384616
      ],
      [
        0.9514563106796116,
        0.009708737864077669,
        0.009708737864077669,
        0.009708737864077669,
        0.009708737864077669,
        0.009708737864077669
      ]
    ],
    [
      [
        0.9514563106796116,
        0.009708737864077669,
        0.009708737864077669,
        0.009708737864077669,
        0.009708737864077669,
        0.009708737864077669
      ],
      [
        0.8227500000000001,
        0.03875000000000001,
        0.03125000000000001,
        0.03125000000000001,
        0.044750000000000005,
        0.03125000000000001
      ],
      [
        0.8077500000000001,
        0.046250000000000006,
        0.03125000000000001,
        0.03275000000000001,
        0.05075000000000001,
        0.03125000000000001
      ],
      [
        0.8242499999999999,
        0.04925,
        0.03125,
        0.03275,
        0.03125,
        0.03125
      ],
      [
        0.81225,
        0.05225000000000001,
        0.03125000000000001,
        0.04175000000000001,
        0.03125000000000001,
        0.03125000000000001
      ],
      [
        0.7332500000000001,
        0.052250000000000005,
        0.03125,
        0.035750000000000004,
        0.11624999999999999,
        0.03125
      ],
      [
        0.76725,
        0.08825,
        0.03125,
        0.03275,
        0.04925,
        0.03125
      ],
      [
        0.09425,
        0.06875,
        0.03125,
        0.03425,
        0.74025,
        0.03125
      ],
      [
        0.78075,
        0.06575,
        0.03125,
        0.03875,
        0.052250000000000005,
        0.03125
      ],
      [
        0.7927500000000001,
        0.07175000000000001,
        0.03125,
        0.03875,
        0.03425,
        0.03125
      ],
      [
        0.7402500000000001,
        0.10175000000000002,
        0.03125000000000001,
        0.03875000000000001,
        0.05675000000000001,
        0.03125000000000001
      ],
      [
        0.51575,
        0.19875,
        0.03125,
        0.04175,
        0.18125000000000002,
        0.03125
      ],
      [
        0.72525,
        0.09725,
        0.03125,
        0.05075,
        0.06425,
        0.03125
      ],
      [
        0.72975,
        0.10775,
        0.03125,
        0.03875,
        0.06125,
        0.03125
      ],
      [
        0.15575,
        0.16425,
        0.03125,
        0.04625,
        0.57125,
        0.03125
      ],
      [
        0.5215686274509804,
        0.26666666666666666,
        0.00980392156862745,
        0.049019607843137254,
        0.14313725490196078,
        0.00980392156862745
      ],
      [
        0.16470588235294117,
        0.07058823529411765,
        0.00980392156862745,
        0.01764705882352941,
        0.7274509803921568,
        0.00980392156862745
      ],
      [
        0.8215686274509804,
        0.09999999999999999,
        0.00980392156862745,
        0.0196078431372549,
        0.0392156862745098,
        0.00980392156862745
      ],
      [
        0.8939096267190569,
        0.0275049115913556,
        0.009823182711198428,
        0.009823182711198428,
        0.049115913555992145,
        0.009823182711198428
      ],
      [
        0.9514563106796116,
        0.009708737864077669,
        0.009708737864077669,
        0.009708737864077669,
        0.009708737864077669,
        0.009708737864077669
      ],
      [
        0.8806262230919765,
        0.043052837573385516,
        0.009784735812133072,
        0.009784735812133072,
        0.046966731898238745,
        0.009784735812133072
      ],
      [
        0.9280155642023346,
        0.033073929961089495,
        0.009727626459143969,
        0.009727626459143969,
        0.009727626459143969,
        0.009727626459143969
      ],
      [
        0.9263565891472868,
        0.03488372093023256,
        0.009689922480620155,
        0.009689922480620155,
        0.009689922480620155,
        0.009689922480620155
      ],
      [
        0.932301740812379,
        0.029013539651837523,
        0.009671179883945842,
        0.009671179883945842,
        0.009671179883945842,
        0.009671179883945842
      ],
      [
        0.9512670565302144,
        0.009746588693957114,
        0.009746588693957114,
        0.009746588693957114,
        0.009746588693957114,
        0.009746588693957114
      ],
      [
        0.9477756286266924,
        0.013539651837524178,
        0.009671179883945842,
        0.009671179883945842,
        0.009671179883945842,
        0.009671179883945842
      ],
      [
        0.027237354085603113,
        0.009727626459143969,
        0.009727626459143969,
        0.009727626459143969,
        0.9338521400778209,
        0.009727626459143969
      ],
      [
        0.9514563106796116,
        0.009708737864077669,
        0.009708737864077669,
        0.009708737864077669,
        0.009708737864077669,
        0.009708737864077669
      ],
      [
        0.9514563106796116,
        0.009708737864077669,
        0.009708737864077669,
        0.009708737864077669,
        0.009708737864077669,
        0.009708737864077669
      ],
      [
        0.9494163424124513,
        0.009727626459143969,
        0.009727626459143969,
        0.009727626459143969,
        0.011673151750972763,
        0.009727626459143969
      ],
      [
        0.9339805825242717,
        0.011650485436893204,
        0.009708737864077669,
        0.009708737864077669,
        0.02524271844660194,
        0.009708737864077669
      ],
      [
        0.9498069498069498,
        0.011583011583011582,
        0.009652509652509652,
        0.009652509652509652,
        0.009652509652509652,
        0.009652509652509652
      ],
      [
        0.9145631067961164,
        0.02524271844660194,
        0.009708737864077669,
        0.009708737864077669,
        0.031067961165048542,
        0.009708737864077669
      ],
      [
        0.9395711500974658,
        0.01364522417153996,
        0.009746588693957114,
        0.009746588693957114,
        0.017543859649122806,
        0.009746588693957114
      ],
      [
        0.9280155642023346,
        0.011673151750972763,
        0.009727626459143969,
        0.009727626459143969,
        0.0311284046692607,
        0.009727626459143969
      ],
      [
        0.058252427184466014,
        0.021359223300970873,
        0.009708737864077669,
        0.009708737864077669,
        0.8912621359223301,
        0.009708737864077669
      ],
      [
        0.941860465116279,
        0.009689922480620155,
        0.009689922480620155,
        0.009689922480620155,
        0.01937984496124031,
        0.009689922480620155
      ],
      [
        0.9520153550863724,
        0.009596928982725527,
        0.009596928982725527,
        0.009596928982725527,
        0.009596928982725527,
        0.009596928982725527
      ],
      [
        0.9521072796934865,
        0.009578544061302681,
        0.009578544061302681,
        0.009578544061302681,
        0.009578544061302681,
        0.009578544061302681
      ],
      [
        0.9514563106796116,
        0.009708737864077669,
        0.009708737864077669,
        0.009708737864077669,
        0.009708737864077669,
        0.009708737864077669
      ]
    ],
    [
      [
        0.9514563106796116,
        0.009708737864077669,
        0.009708737864077669,
        0.009708737864077669,
        0.009708737864077669,
        0.009708737864077669
      ],
      [
        0.16175,
        0.10725,
        0.03125,
        0.035750000000000004,
        0.63275,
        0.03125
      ],
      [
        0.79725,
        0.052250000000000005,
        0.03125,
        0.03275,
        0.05525,
        0.03125
      ],
      [
        0.70175,
        0.14925,
        0.03125,
        0.04625,
        0.04025,
        0.03125
      ],
      [
        0.8062499999999999,
        0.06125,
        0.03125,
        0.03725,
        0.03275,
        0.03125
      ],
      [
        0.76875,
        0.07175000000000001,
        0.03125,
        0.035750000000000004,
        0.06125,
        0.03125
      ],
      [
        0.19275,
        0.07175000000000001,
        0.03125,
        0.03725,
        0.63575,
        0.03125
      ],
      [
        0.53825,
        0.12125,
        0.03125,
        0.03875,
        0.23925000000000002,
        0.03125
      ],
      [
        0.76875,
        0.07775,
        0.03125,
        0.04175,
        0.04925,
        0.03125
      ],
      [
        0.7867499999999998,
        0.08224999999999999,
        0.031249999999999993,
        0.03575,
        0.032749999999999994,
        0.031249999999999993
      ],
      [
        0.7522500000000001,
        0.09275000000000001,
        0.03125000000000001,
        0.04175000000000001,
        0.05075000000000001,
        0.03125000000000001
      ],
      [
        0.65225,
        0.18975,
        0.03125,
        0.035750000000000004,
        0.05975,
        0.03125
      ],
      [
        0.18425,
        0.10475000000000001,
        0.03125,
        0.03425,
        0.61425,
        0.03125
      ],
      [
        0.65825,
        0.11225,
        0.03125,
        0.04025,
        0.12675,
        0.03125
      ],
      [
        0.69825,
        0.12275,
        0.03125,
        0.03875,
        0.07775,
        0.03125
      ],
      [
        0.166015625,
        0.09765625,
        0.009765625,
        0.009765625,
        0.70703125,
        0.009765625
      ],
      [
        0.7980392156862745,
        0.1196078431372549,
        0.00980392156862745,
        0.01568627450980392,
        0.047058823529411764,
        0.00980392156862745
      ],
      [
        0.8274509803921568,
        0.09803921568627451,
        0.00980392156862745,
        0.01568627450980392,
        0.0392156862745098,
        0.00980392156862745
      ],
      [
        0.8487229862475442,
        0.0825147347740668,
        0.009823182711198428,
        0.011787819253438114,
        0.03732809430255402,
        0.009823182711198428
      ],
      [
        0.9514563106796116,
        0.009708737864077669,
        0.009708737864077669,
        0.009708737864077669,
        0.009708737864077669,
        0.009708737864077669
      ],
      [
        0.8619329388560157,
        0.05719921104536489,
        0.009861932938856016,
        0.011834319526627219,
        0.04930966469428008,
        0.009861932938856016
      ],
      [
        0.9137254901960785,
        0.041176470588235294,
        0.00980392156862745,
        0.00980392156862745,
        0.01568627450980392,
        0.00980392156862745
      ],
      [
        0.0234375,
        0.037109375,
        0.009765625,
        0.009765625,
        0.91015625,
        0.009765625
      ],
      [
        0.02330097087378641,
        0.027184466019417475,
        0.009708737864077669,
        0.009708737864077669,
        0.920388349514563,
        0.009708737864077669
      ],
      [
        0.9280155642023346,
        0.0311284046692607,
        0.009727626459143969,
        0.009727626459143969,
        0.011673151750972763,
        0.009727626459143969
      ],
      [
        0.02330097087378641,
        0.019417475728155338,
        0.009708737864077669,
        0.009708737864077669,
        0.9281553398058252,
        0.009708737864077669
      ],
      [
        0.025193798449612403,
        0.009689922480620155,
        0.009689922480620155,
        0.009689922480620155,
        0.936046511627907,
        0.009689922480620155
      ],
      [
        0.9514563106796116,
        0.009708737864077669,
        0.009708737864077669,
        0.009708737864077669,
        0.009708737864077669,
        0.009708737864077669
      ],
      [
        0.9514563106796116,
        0.009708737864077669,
        0.009708737864077669,
        0.009708737864077669,
        0.009708737864077669,
        0.009708737864077669
      ],
      [
        0.009727626459143969,
        0.009727626459143969,
        0.009727626459143969,
        0.009727626459143969,
        0.9513618677042801,
        0.009727626459143969
      ],
      [
        0.922027290448343,
        0.023391812865497075,
        0.009746588693957114,
        0.009746588693957114,
        0.025341130604288498,
        0.009746588693957114
      ],
      [
        0.9277343749999999,
        0.025390625,
        0.009765625,
        0.009765625,
        0.017578125,
        0.009765625
      ],
      [
        0.9179687499999999,
        0.029296875,
        0.009765625,
        0.009765625,
        0.0234375,
        0.009765625
      ],
      [
        0.06822612085769982,
        0.021442495126705652,
        0.009746588693957114,
        0.009746588693957114,
        0.8810916179337231,
        0.009746588693957114
      ],
      [
        0.0703125,
        0.029296875,
        0.009765625,
        0.009765625,
        0.87109375,
        0.009765625
      ],
      [
        0.08382066276803118,
        0.01949317738791423,
        0.009746588693957114,
        0.009746588693957114,
        0.8674463937621832,
        0.009746588693957114
      ],
      [
        0.9376218323586744,
        0.015594541910331383,
        0.009746588693957114,
        0.009746588693957114,
        0.017543859649122806,
        0.009746588693957114
      ],
      [
        0.9254901960784313,
        0.01568627450980392,
        0.00980392156862745,
        0.011764705882352941,
        0.027450980392156862,
        0.00980392156862745
      ],
      [
        0.9498069498069498,
        0.011583011583011582,
        0.009652509652509652,
        0.009652509652509652,
        0.009652509652509652,
        0.009652509652509652
      ],
      [
        0.9514563106796116,
        0.009708737864077669,
        0.009708737864077669,
        0.009708737864077669,
        0.009708737864077669,
        0.009708737864077669
      ]
    ],
    [
      [
        0.9514563106796116,
        0.009708737864077669,
        0.009708737864077669,
        0.009708737864077669,
        0.009708737864077669,
        0.009708737864077669
      ],
      [
        0.78825,
        0.052250000000000005,
        0.03275,
        0.03425,
        0.06125,
        0.03125
      ],
      [
        0.7987500000000001,
        0.05525000000000001,
        0.03125000000000001,
        0.03275000000000001,
        0.05075000000000001,
        0.03125000000000001
      ],
      [
        0.7957500000000001,
        0.04925,
        0.03125,
        0.03725,
        0.05525,
        0.03125
      ],
      [
        0.79725,
        0.052250000000000005,
        0.03125,
        0.03125,
        0.05675,
        0.03125
      ],
      [
        0.78225,
        0.05675,
        0.03125,
        0.03425,
        0.06425,
        0.03125
      ],
      [
        0.13924999999999998,
        0.12225,
        0.03125,
        0.035750000000000004,
        0.64025,
        0.03125
      ],
      [
        0.76875,
        0.08075,
        0.03125,
        0.03425,
        0.05375,
        0.03125
      ],
      [
        0.7837500000000001,
        0.06575,
        0.03125,
        0.04025,
        0.04775,
        0.03125
      ],
      [
        0.7957500000000001,
        0.07175000000000001,
        0.03125,
        0.035750000000000004,
        0.03425,
        0.03125
      ],
      [
        0.71025,
        0.11225000000000002,
        0.03125000000000001,
        0.044750000000000005,
        0.07025000000000002,
        0.03125000000000001
      ],
      [
        0.16625,
        0.10175000000000001,
        0.03125,
        0.04025,
        0.62925,
        0.03125
      ],
      [
        0.70125,
        0.13924999999999998,
        0.03125,
        0.04025,
        0.05675,
        0.03125
      ],
      [
        0.63875,
        0.17775000000000002,
        0.03125,
        0.04175,
        0.07925,
        0.03125
      ],
      [
        0.13025,
        0.11225,
        0.03125,
        0.04775,
        0.64725,
        0.03125
      ],
      [
        0.13529411764705884,
        0.13333333333333333,
        0.00980392156862745,
        0.01568627450980392,
        0.696078431372549,
        0.00980392156862745
      ],
      [
        0.14705882352941177,
        0.11764705882352941,
        0.00980392156862745,
        0.01568627450980392,
        0.7,
        0.00980392156862745
      ],
      [
        0.8058823529411764,
        0.10784313725490197,
        0.00980392156862745,
        0.03333333333333333,
        0.03333333333333333,
        0.00980392156862745
      ],
      [
        0.8138613861386138,
        0.0891089108910891,
        0.011881188118811881,
        0.02178217821782178,
        0.053465346534653464,
        0.009900990099009901
      ],
      [
        0.2,
        0.1188118811881188,
        0.011881188118811881,
        0.013861386138613862,
        0.6455445544554456,
        0.009900990099009901
      ],
      [
        0.8356435643564356,
        0.07128712871287128,
        0.019801980198019802,
        0.011881188118811881,
        0.05148514851485148,
        0.009900990099009901
      ],
      [
        0.9182879377431906,
        0.04280155642023346,
        0.009727626459143969,
