{
  "prediction": [
    [
      [
        0.9514563106796116,
        0.009708737864077669,
        0.009708737864077669,
        0.009708737864077669,
        0.009708737864077669,
        0.009708737864077669
      ],
      [
        0.9514563106796116,
        0.009708737864077669,
        0.009708737864077669,
        0.009708737864077669,
        0.009708737864077669,
        0.009708737864077669
      ],
      [
        0.9514563106796116,
        0.009708737864077669,
        0.009708737864077669,
        0.009708737864077669,
        0.009708737864077669,
        0.009708737864077669
      ],
      [
        0.9514563106796116,
        0.009708737864077669,
        0.009708737864077669,
        0.009708737864077669,
        0.009708737864077669,
        0.009708737864077669
      ],
      [
        0.9514563106796116,
        0.009708737864077669,
        0.009708737864077669,
        0.009708737864077669,
        0.009708737864077669,
        0.009708737864077669
      ],
      [
        0.9514563106796116,
        0.009708737864077669,
        0.009708737864077669,
        0.009708737864077669,
        0.009708737864077669,
        0.009708737864077669
      ],
      [
        0.9514563106796116,
        0.009708737864077669,
        0.009708737864077669,
        0.009708737864077669,
        0.009708737864077669,
        0.009708737864077669
      ],
      [
        0.9514563106796116,
        0.009708737864077669,
        0.009708737864077669,
        0.009708737864077669,
        0.009708737864077669,
        0.009708737864077669
      ],
      [
        0.9514563106796116,
        0.009708737864077669,
        0.009708737864077669,
        0.009708737864077669,
        0.009708737864077669,
        0.009708737864077669
      ],
      [
        0.9514563106796116,
        0.009708737864077669,
        0.009708737864077669,
        0.009708737864077669,
        0.009708737864077669,
        0.009708737864077669
      ],
      [
        0.9514563106796116,
        0.009708737864077669,
        0.009708737864077669,
        0.009708737864077669,
        0.009708737864077669,
        0.009708737864077669
      ],
      [
        0.9514563106796116,
        0.009708737864077669,
        0.009708737864077669,
        0.009708737864077669,
        0.009708737864077669,
        0.009708737864077669
      ],
      [
        0.9514563106796116,
        0.009708737864077669,
        0.009708737864077669,
        0.009708737864077669,
        0.009708737864077669,
        0.009708737864077669
      ],
      [
        0.9514563106796116,
        0.009708737864077669,
        0.009708737864077669,
        0.009708737864077669,
        0.009708737864077669,
        0.009708737864077669
      ],
      [
        0.9514563106796116,
        0.009708737864077669,
        0.009708737864077669,
        0.009708737864077669,
        0.009708737864077669,
        0.009708737864077669
      ],
      [
        0.9514563106796116,
        0.009708737864077669,
        0.009708737864077669,
        0.009708737864077669,
        0.009708737864077669,
        0.009708737864077669
      ],
      [
        0.9514563106796116,
        0.009708737864077669,
        0.009708737864077669,
        0.009708737864077669,
        0.009708737864077669,
        0.009708737864077669
      ],
      [
        0.9514563106796116,
        0.009708737864077669,
        0.009708737864077669,
        0.009708737864077669,
        0.009708737864077669,
        0.009708737864077669
      ],
      [
        0.9514563106796116,
        0.009708737864077669,
        0.009708737864077669,
        0.009708737864077669,
        0.009708737864077669,
        0.009708737864077669
      ],
      [
        0.9514563106796116,
        0.009708737864077669,
        0.009708737864077669,
        0.009708737864077669,
        0.009708737864077669,
        0.009708737864077669
      ],
      [
        0.9514563106796116,
        0.009708737864077669,
        0.009708737864077669,
        0.009708737864077669,
        0.009708737864077669,
        0.009708737864077669
      ],
      [
        0.9514563106796116,
        0.009708737864077669,
        0.009708737864077669,
        0.009708737864077669,
        0.009708737864077669,
        0.009708737864077669
      ],
      [
        0.9514563106796116,
        0.009708737864077669,
        0.009708737864077669,
        0.009708737864077669,
        0.009708737864077669,
        0.009708737864077669
      ],
      [
        0.9514563106796116,
        0.009708737864077669,
        0.009708737864077669,
        0.009708737864077669,
        0.009708737864077669,
        0.009708737864077669
      ],
      [
        0.9514563106796116,
        0.009708737864077669,
        0.009708737864077669,
        0.009708737864077669,
        0.009708737864077669,
        0.009708737864077669
      ],
      [
        0.9514563106796116,
        0.009708737864077669,
        0.009708737864077669,
        0.009708737864077669,
        0.009708737864077669,
        0.009708737864077669
      ],
      [
        0.9514563106796116,
        0.009708737864077669,
        0.009708737864077669,
        0.009708737864077669,
        0.009708737864077669,
        0.009708737864077669
      ],
      [
        0.9514563106796116,
        0.009708737864077669,
        0.009708737864077669,
        0.009708737864077669,
        0.009708737864077669,
        0.009708737864077669
      ],
      [
        0.9514563106796116,
        0.009708737864077669,
        0.009708737864077669,
        0.009708737864077669,
        0.009708737864077669,
        0.009708737864077669
      ],
      [
        0.9514563106796116,
        0.009708737864077669,
        0.009708737864077669,
        0.009708737864077669,
        0.009708737864077669,
        0.009708737864077669
      ],
      [
        0.9514563106796116,
        0.009708737864077669,
        0.009708737864077669,
        0.009708737864077669,
        0.009708737864077669,
        0.009708737864077669
      ],
      [
        0.9514563106796116,
        0.009708737864077669,
        0.009708737864077669,
        0.009708737864077669,
        0.009708737864077669,
        0.009708737864077669
      ],
      [
        0.9514563106796116,
        0.009708737864077669,
        0.009708737864077669,
        0.009708737864077669,
        0.009708737864077669,
        0.009708737864077669
      ],
      [
        0.9514563106796116,
        0.009708737864077669,
        0.009708737864077669,
        0.009708737864077669,
        0.009708737864077669,
        0.009708737864077669
      ],
      [
        0.9514563106796116,
        0.009708737864077669,
        0.009708737864077669,
        0.009708737864077669,
        0.009708737864077669,
        0.009708737864077669
      ],
      [
        0.9514563106796116,
        0.009708737864077669,
        0.009708737864077669,
        0.009708737864077669,
        0.009708737864077669,
        0.009708737864077669
      ],
      [
        0.9514563106796116,
        0.009708737864077669,
        0.009708737864077669,
        0.009708737864077669,
        0.009708737864077669,
        0.009708737864077669
      ],
      [
        0.9514563106796116,
        0.009708737864077669,
        0.009708737864077669,
        0.009708737864077669,
        0.009708737864077669,
        0.009708737864077669
      ],
      [
        0.9514563106796116,
        0.009708737864077669,
        0.009708737864077669,
        0.009708737864077669,
        0.009708737864077669,
        0.009708737864077669
      ],
      [
        0.9514563106796116,
        0.009708737864077669,
        0.009708737864077669,
        0.009708737864077669,
        0.009708737864077669,
        0.009708737864077669
      ]
    ],
    [
      [
        0.9514563106796116,
        0.009708737864077669,
        0.009708737864077669,
        0.009708737864077669,
        0.009708737864077669,
        0.009708737864077669
      ],
      [
        0.9458413926499032,
        0.015473887814313346,
        0.009671179883945842,
        0.009671179883945842,
        0.009671179883945842,
        0.009671179883945842
      ],
      [
        0.9259259259259258,
        0.021442495126705652,
        0.009746588693957114,
        0.009746588693957114,
        0.023391812865497075,
        0.009746588693957114
      ],
      [
        0.907843137254902,
        0.03529411764705882,
        0.00980392156862745,
        0.011764705882352941,
        0.025490196078431372,
        0.00980392156862745
      ],
      [
        0.9058823529411765,
        0.0392156862745098,
        0.00980392156862745,
        0.013725490196078431,
        0.021568627450980392,
        0.00980392156862745
      ],
      [
        0.8910505836575876,
        0.06809338521400779,
        0.009727626459143969,
        0.011673151750972763,
        0.009727626459143969,
        0.009727626459143969
      ],
      [
        0.8801571709233792,
        0.05304518664047151,
        0.009823182711198428,
        0.0137524557956778,
        0.03339882121807466,
        0.009823182711198428
      ],
      [
        0.1279527559055118,
        0.05905511811023622,
        0.00984251968503937,
        0.015748031496062992,
        0.7775590551181103,
        0.00984251968503937
      ],
      [
        0.8762278978388998,
        0.060903732809430254,
        0.009823182711198428,
        0.009823182711198428,
        0.03339882121807466,
        0.009823182711198428
      ],
      [
        0.8912621359223301,
        0.062135922330097085,
        0.009708737864077669,
        0.017475728155339803,
        0.009708737864077669,
        0.009708737864077669
      ],
      [
        0.8976377952755906,
        0.05511811023622047,
        0.00984251968503937,
        0.015748031496062992,
        0.011811023622047244,
        0.00984251968503937
      ],
      [
        0.09803921568627451,
        0.06862745098039216,
        0.00980392156862745,
        0.011764705882352941,
        0.8019607843137254,
        0.00980392156862745
      ],
      [
        0.904109589041096,
        0.0547945205479452,
        0.009784735812133072,
        0.011741682974559686,
        0.009784735812133072,
        0.009784735812133072
      ],
      [
        0.9514563106796116,
        0.009708737864077669,
        0.009708737864077669,
        0.009708737864077669,
        0.009708737864077669,
        0.009708737864077669
      ],
      [
        0.9514563106796116,
        0.009708737864077669,
        0.009708737864077669,
        0.009708737864077669,
        0.009708737864077669,
        0.009708737864077669
      ],
      [
        0.03913894324853229,
        0.0136986301369863,
        0.009784735812133072,
        0.009784735812133072,
        0.9178082191780821,
        0.009784735812133072
      ],
      [
        0.015625,
        0.021484375,
        0.009765625,
        0.009765625,
        0.9335937499999999,
        0.009765625
      ],
      [
        0.943579766536965,
        0.01750972762645914,
        0.009727626459143969,
        0.009727626459143969,
        0.009727626459143969,
        0.009727626459143969
      ],
      [
        0.9441233140655105,
        0.017341040462427744,
        0.009633911368015413,
        0.009633911368015413,
        0.009633911368015413,
        0.009633911368015413
      ],
      [
        0.9473684210526315,
        0.01364522417153996,
        0.009746588693957114,
        0.009746588693957114,
        0.009746588693957114,
        0.009746588693957114
      ],
      [
        0.9518304431599229,
        0.009633911368015413,
        0.009633911368015413,
        0.009633911368015413,
        0.009633911368015413,
        0.009633911368015413
      ],
      [
        0.009708737864077669,
        0.011650485436893204,
        0.009708737864077669,
        0.009708737864077669,
        0.949514563106796,
        0.009708737864077669
      ],
      [
        0.9517374517374517,
        0.009652509652509652,
        0.009652509652509652,
        0.009652509652509652,
        0.009652509652509652,
        0.009652509652509652
      ],
      [
        0.009689922480620155,
        0.02131782945736434,
        0.009689922480620155,
        0.009689922480620155,
        0.9399224806201549,
        0.009689922480620155
      ],
      [
        0.013592233009708738,
        0.009708737864077669,
        0.009708737864077669,
        0.009708737864077669,
        0.9475728155339805,
        0.009708737864077669
      ],
      [
        0.9514563106796116,
        0.009708737864077669,
        0.009708737864077669,
        0.009708737864077669,
        0.009708737864077669,
        0.009708737864077669
      ],
      [
        0.9514563106796116,
        0.009708737864077669,
        0.009708737864077669,
        0.009708737864077669,
        0.009708737864077669,
        0.009708737864077669
      ],
      [
        0.9518304431599229,
        0.009633911368015413,
        0.009633911368015413,
        0.009633911368015413,
        0.009633911368015413,
        0.009633911368015413
      ],
      [
        0.9479768786127167,
        0.01348747591522158,
        0.009633911368015413,
        0.009633911368015413,
        0.009633911368015413,
        0.009633911368015413
      ],
      [
        0.949514563106796,
        0.011650485436893204,
        0.009708737864077669,
        0.009708737864077669,
        0.009708737864077669,
        0.009708737864077669
      ],
      [
        0.9416342412451362,
        0.013618677042801557,
        0.009727626459143969,
        0.009727626459143969,
        0.01556420233463035,
        0.009727626459143969
      ],
      [
        0.9254901960784313,
        0.021568627450980392,
        0.00980392156862745,
        0.00980392156862745,
        0.023529411764705882,
        0.00980392156862745
      ],
      [
        0.10116731517509726,
        0.013618677042801557,
        0.009727626459143969,
        0.009727626459143969,
        0.8560311284046692,
        0.009727626459143969
      ],
      [
        0.9316406249999999,
        0.013671875,
        0.009765625,
        0.009765625,
        0.025390625,
        0.009765625
      ],
      [
        0.1614785992217899,
        0.011673151750972763,
        0.009727626459143969,
        0.009727626459143969,
        0.7976653696498054,
        0.009727626459143969
      ],
      [
        0.9338521400778209,
        0.009727626459143969,
        0.009727626459143969,
        0.009727626459143969,
        0.027237354085603113,
        0.009727626459143969
      ],
      [
        0.9395711500974658,
        0.011695906432748537,
        0.009746588693957114,
        0.009746588693957114,
        0.01949317738791423,
        0.009746588693957114
      ],
      [
        0.09652509652509653,
        0.009652509652509652,
        0.009652509652509652,
        0.009652509652509652,
        0.8648648648648648,
        0.009652509652509652
      ],
      [
        0.936046511627907,
        0.009689922480620155,
        0.009689922480620155,
        0.009689922480620155,
        0.025193798449612403,
        0.009689922480620155
      ],
      [
        0.9514563106796116,
        0.009708737864077669,
        0.009708737864077669,
        0.009708737864077669,
        0.009708737864077669,
        0.009708737864077669
      ]
    ],
    [
      [
        0.9514563106796116,
        0.009708737864077669,
        0.009708737864077669,
        0.009708737864077669,
        0.009708737864077669,
        0.009708737864077669
      ],
      [
        0.9217221135029353,
        0.03326810176125245,
        0.009784735812133072,
        0.009784735812133072,
        0.015655577299412915,
        0.009784735812133072
      ],
      [
        0.900390625,
        0.05078125,
        0.009765625,
        0.009765625,
        0.01953125,
        0.009765625
      ],
      [
        0.09375,
        0.048828125,
        0.009765625,
        0.009765625,
        0.828125,
        0.009765625
      ],
      [
        0.8647058823529412,
        0.06666666666666667,
        0.00980392156862745,
        0.011764705882352941,
        0.03725490196078431,
        0.00980392156862745
      ],
      [
        0.8771929824561403,
        0.07602339181286549,
        0.009746588693957114,
        0.017543859649122806,
        0.009746588693957114,
        0.009746588693957114
      ],
      [
        0.8647058823529412,
        0.07450980392156863,
        0.00980392156862745,
        0.011764705882352941,
        0.029411764705882353,
        0.00980392156862745
      ],
      [
        0.82421875,
        0.107421875,
        0.009765625,
        0.009765625,
        0.0390625,
        0.009765625
      ],
      [
        0.8196078431372549,
        0.10784313725490197,
        0.00980392156862745,
        0.0196078431372549,
        0.03333333333333333,
        0.00980392156862745
      ],
      [
        0.8588235294117647,
        0.08823529411764705,
        0.00980392156862745,
        0.011764705882352941,
        0.021568627450980392,
        0.00980392156862745
      ],
      [
        0.8715953307392996,
        0.08560311284046691,
        0.009727626459143969,
        0.009727626459143969,
        0.013618677042801557,
        0.009727626459143969
      ],
      [
        0.8638132295719845,
        0.07976653696498055,
        0.009727626459143969,
        0.009727626459143969,
        0.027237354085603113,
        0.009727626459143969
      ],
      [
        0.8952569169960475,
        0.05533596837944664,
        0.011857707509881424,
        0.009881422924901186,
        0.017786561264822132,
        0.009881422924901186
      ],
      [
        0.9037328094302555,
        0.049115913555992145,
        0.009823182711198428,
        0.009823182711198428,
        0.01768172888015717,
        0.009823182711198428
      ],
      [
        0.07045009784735812,
        0.03522504892367906,
        0.009784735812133072,
        0.009784735812133072,
        0.8649706457925636,
        0.009784735812133072
      ],
      [
        0.9514563106796116,
        0.009708737864077669,
        0.009708737864077669,
        0.009708737864077669,
        0.009708737864077669,
        0.009708737864077669
      ],
      [
        0.9514563106796116,
        0.009708737864077669,
        0.009708737864077669,
        0.009708737864077669,
        0.009708737864077669,
        0.009708737864077669
      ],
      [
        0.9235294117647058,
        0.03333333333333333,
        0.00980392156862745,
        0.011764705882352941,
        0.011764705882352941,
        0.00980392156862745
      ],
      [
        0.9259259259259258,
        0.029239766081871343,
        0.009746588693957114,
        0.009746588693957114,
        0.015594541910331383,
        0.009746588693957114
      ],
      [
        0.9257812499999999,
        0.03515625,
        0.009765625,
        0.009765625,
        0.009765625,
        0.009765625
      ],
      [
        0.9245647969052224,
        0.0367504835589942,
        0.009671179883945842,
        0.009671179883945842,
        0.009671179883945842,
        0.009671179883945842
      ],
      [
        0.9205426356589147,
        0.040697674418604654,
        0.009689922480620155,
        0.009689922480620155,
        0.009689922480620155,
        0.009689922480620155
      ],
      [
        0.9181286549707601,
        0.042884990253411304,
        0.009746588693957114,
        0.009746588693957114,
        0.009746588693957114,
        0.009746588693957114
      ],
      [
        0.9248554913294798,
        0.036608863198458574,
        0.009633911368015413,
        0.009633911368015413,
        0.009633911368015413,
        0.009633911368015413
      ],
      [
        0.021653543307086614,
        0.023622047244094488,
        0.00984251968503937,
        0.00984251968503937,
        0.9251968503937007,
        0.00984251968503937
      ],
      [
        0.920388349514563,
        0.038834951456310676,
        0.009708737864077669,
        0.009708737864077669,
        0.011650485436893204,
        0.009708737864077669
      ],
      [
        0.9514563106796116,
        0.009708737864077669,
        0.009708737864077669,
        0.009708737864077669,
        0.009708737864077669,
        0.009708737864077669
      ],
      [
        0.9518304431599229,
        0.009633911368015413,
        0.009633911368015413,
        0.009633911368015413,
        0.009633911368015413,
        0.009633911368015413
      ],
      [
        0.9381044487427466,
        0.02321083172147002,
        0.009671179883945842,
        0.009671179883945842,
        0.009671179883945842,
        0.009671179883945842
      ],
      [
        0.933463796477495,
        0.0273972602739726,
        0.009784735812133072,
        0.009784735812133072,
        0.009784735812133072,
        0.009784735812133072
      ],
      [
        0.05263157894736842,
        0.025341130604288498,
        0.009746588693957114,
        0.009746588693957114,
        0.8927875243664718,
        0.009746588693957114
      ],
      [
        0.9106796116504854,
        0.04660194174757282,
        0.009708737864077669,
        0.009708737864077669,
        0.013592233009708738,
        0.009708737864077669
      ],
      [
        0.10116731517509726,
        0.03696498054474708,
        0.009727626459143969,
        0.009727626459143969,
        0.8326848249027237,
        0.009727626459143969
      ],
      [
        0.9119373776908024,
        0.03326810176125245,
        0.009784735812133072,
        0.009784735812133072,
        0.025440313111545987,
        0.009784735812133072
      ],
      [
        0.9181286549707601,
        0.02729044834307992,
        0.009746588693957114,
        0.009746588693957114,
        0.025341130604288498,
        0.009746588693957114
      ],
      [
        0.9218749999999999,
        0.021484375,
        0.009765625,
        0.009765625,
        0.02734375,
        0.009765625
      ],
      [
        0.10679611650485436,
        0.011650485436893204,
        0.009708737864077669,
        0.009708737864077669,
        0.8524271844660194,
        0.009708737864077669
      ],
      [
        0.913894324853229,
        0.015655577299412915,
        0.009784735812133072,
        0.009784735812133072,
        0.04109589041095891,
        0.009784735812133072
      ],
      [
        0.09922178988326848,
        0.009727626459143969,
        0.009727626459143969,
        0.009727626459143969,
        0.8618677042801556,
        0.009727626459143969
      ],
      [
        0.9514563106796116,
        0.009708737864077669,
        0.009708737864077669,
        0.009708737864077669,
        0.009708737864077669,
        0.009708737864077669
      ]
    ],
    [
      [
        0.9514563106796116,
        0.009708737864077669,
        0.009708737864077669,
        0.009708737864077669,
        0.009708737864077669,
        0.009708737864077669
      ],
      [
        0.11525,
        0.06125,
        0.03125,
        0.04025,
        0.72075,
        0.03125
      ],
      [
        0.78075,
        0.07175000000000001,
        0.03125,
        0.03875,
        0.04625,
        0.03125
      ],
      [
        0.73875,
        0.09575,
        0.03125,
        0.04175,
        0.06125,
        0.03125
      ],
      [
        0.73875,
        0.10625000000000001,
        0.03125,
        0.03725,
        0.05525,
        0.03125
      ],
      [
        0.74025,
        0.10775,
        0.03125,
        0.04025,
        0.04925,
        0.03125
      ],
      [
        0.70425,
        0.13775,
        0.03125000000000001,
        0.037250000000000005,
        0.05825,
        0.03125000000000001
      ],
      [
        0.17825000000000002,
        0.16575,
        0.03125,
        0.04475,
        0.54875,
        0.03125
      ],
      [
        0.70125,
        0.12125,
        0.03125,
        0.04475,
        0.07025,
        0.03125
      ],
      [
        0.12275,
        0.12875,
        0.03125,
        0.035750000000000004,
        0.65025,
        0.03125
      ],
      [
        0.7177500000000001,
        0.11825000000000002,
        0.03125000000000001,
        0.05075000000000001,
        0.05075000000000001,
        0.03125000000000001
      ],
      [
        0.7492500000000001,
        0.09425000000000001,
        0.03125000000000001,
        0.04025000000000001,
        0.053750000000000006,
        0.03125000000000001
      ],
      [
        0.13475,
        0.12125,
        0.03125,
        0.04325,
        0.63825,
        0.03125
      ],
      [
        0.72975,
        0.10775,
        0.03125,
        0.035750000000000004,
        0.06425,
        0.03125
      ],
      [
        0.009708737864077669,
        0.009708737864077669,
        0.009708737864077669,
        0.009708737864077669,
        0.009708737864077669,
        0.9514563106796116
      ],
      [
        0.9514563106796116,
        0.009708737864077669,
        0.009708737864077669,
        0.009708737864077669,
        0.009708737864077669,
        0.009708737864077669
      ],
      [
        0.9514563106796116,
        0.009708737864077669,
        0.009708737864077669,
        0.009708737864077669,
        0.009708737864077669,
        0.009708737864077669
      ],
      [
        0.9514563106796116,
        0.009708737864077669,
        0.009708737864077669,
        0.009708737864077669,
        0.009708737864077669,
        0.009708737864077669
      ],
      [
        0.908203125,
        0.052734375,
        0.009765625,
        0.009765625,
        0.009765625,
        0.009765625
      ],
      [
        0.037037037037037035,
        0.05263157894736842,
        0.009746588693957114,
        0.009746588693957114,
        0.8810916179337231,
        0.009746588693957114
      ],
      [
        0.9083820662768032,
        0.05263157894736842,
        0.009746588693957114,
        0.009746588693957114,
        0.009746588693957114,
        0.009746588693957114
      ],
      [
        0.887378640776699,
        0.07378640776699029,
        0.009708737864077669,
        0.009708737864077669,
        0.009708737864077669,
        0.009708737864077669
      ],
      [
        0.9163424124513618,
        0.04474708171206226,
        0.009727626459143969,
        0.009727626459143969,
        0.009727626459143969,
        0.009727626459143969
      ],
      [
        0.898238747553816,
        0.060665362035225046,
        0.009784735812133072,
        0.009784735812133072,
        0.011741682974559686,
        0.009784735812133072
      ],
      [
        0.0196078431372549,
        0.047058823529411764,
        0.00980392156862745,
        0.011764705882352941,
        0.9019607843137255,
        0.00980392156862745
      ],
      [
        0.9274509803921568,
        0.03333333333333333,
        0.00980392156862745,
        0.00980392156862745,
        0.00980392156862745,
        0.00980392156862745
      ],
      [
        0.9285714285714285,
        0.03281853281853282,
        0.009652509652509652,
        0.009652509652509652,
        0.009652509652509652,
        0.009652509652509652
      ],
      [
        0.9514563106796116,
        0.009708737864077669,
        0.009708737864077669,
        0.009708737864077669,
        0.009708737864077669,
        0.009708737864077669
      ],
      [
        0.9223300970873786,
        0.038834951456310676,
        0.009708737864077669,
        0.009708737864077669,
        0.009708737864077669,
        0.009708737864077669
      ],
      [
        0.9235294117647058,
        0.029411764705882353,
        0.00980392156862745,
        0.00980392156862745,
        0.01764705882352941,
        0.00980392156862745
      ],
      [
        0.914396887159533,
        0.038910505836575876,
        0.009727626459143969,
        0.009727626459143969,
        0.01750972762645914,
        0.009727626459143969
      ],
      [
        0.9160156249999999,
        0.033203125,
        0.009765625,
        0.009765625,
        0.021484375,
        0.009765625
      ],
      [
        0.8966861598440546,
        0.04483430799220273,
        0.009746588693957114,
        0.009746588693957114,
        0.029239766081871343,
        0.009746588693957114
      ],
      [
        0.9179687499999999,
        0.025390625,
        0.009765625,
        0.009765625,
        0.02734375,
        0.009765625
      ],
      [
        0.10116731517509726,
        0.01556420233463035,
        0.009727626459143969,
        0.009727626459143969,
        0.8540856031128404,
        0.009727626459143969
      ],
      [
        0.9119373776908024,
        0.029354207436399216,
        0.009784735812133072,
        0.009784735812133072,
        0.029354207436399216,
        0.009784735812133072
      ],
      [
        0.908203125,
        0.02734375,
        0.009765625,
        0.009765625,
        0.03515625,
        0.009765625
      ],
      [
        0.9117647058823529,
        0.01568627450980392,
        0.00980392156862745,
        0.011764705882352941,
        0.041176470588235294,
        0.00980392156862745
      ],
      [
        0.923679060665362,
        0.009784735812133072,
        0.009784735812133072,
        0.009784735812133072,
        0.03718199608610567,
        0.009784735812133072
      ],
      [
        0.9514563106796116,
        0.009708737864077669,
        0.009708737864077669,
        0.009708737864077669,
        0.009708737864077669,
        0.009708737864077669
      ]
    ],
    [
      [
        0.9514563106796116,
        0.009708737864077669,
        0.009708737864077669,
        0.009708737864077669,
        0.009708737864077669,
        0.009708737864077669
      ],
      [
        0.79125,
        0.05525,
        0.03125,
        0.03875,
        0.052250000000000005,
        0.03125
      ],
      [
        0.78225,
        0.06125,
        0.03125,
        0.04025,
        0.05375,
        0.03125
      ],
      [
        0.14375,
        0.10025,
        0.03125,
        0.04325,
        0.65025,
        0.03125
      ],
      [
        0.73125,
        0.10175000000000001,
        0.03125,
        0.04025,
        0.06425,
        0.03125
      ],
      [
        0.72375,
        0.10025,
        0.03125,
        0.04925,
        0.06425,
        0.03125
      ],
      [
        0.16925,
        0.14075,
        0.03125,
        0.04625,
        0.58125,
        0.03125
      ],
      [
        0.67725,
        0.14825,
        0.03125,
        0.04175,
        0.07025,
        0.03125
      ],
      [
        0.60275,
        0.21375,
        0.03125,
        0.04925,
        0.07175000000000001,
        0.03125
      ],
      [
        0.14525,
        0.14525,
        0.03125,
        0.04025,
        0.60675,
        0.03125
      ],
      [
        0.20925000000000002,
        0.12275000000000001,
        0.03125000000000001,
        0.04925000000000001,
        0.55625,
        0.03125000000000001
      ],
      [
        0.62675,
        0.21225,
        0.03125,
        0.04025,
        0.058249999999999996,
        0.03125
      ],
      [
        0.66725,
        0.11375,
        0.03125,
        0.03425,
        0.12225,
        0.03125
      ],
      [
        0.57525,
        0.13325,
        0.03125,
        0.052250000000000005,
        0.17675000000000002,
        0.03125
      ],
      [
        0.77175,
        0.08375,
        0.03425,
        0.04175,
        0.03725,
        0.03125
      ],
      [
        0.009708737864077669,
        0.009708737864077669,
        0.009708737864077669,
        0.009708737864077669,
        0.009708737864077669,
        0.9514563106796116
      ],
      [
        0.9514563106796116,
        0.009708737864077669,
        0.009708737864077669,
        0.009708737864077669,
        0.009708737864077669,
        0.009708737864077669
      ],
      [
        0.9514563106796116,
        0.009708737864077669,
        0.009708737864077669,
        0.009708737864077669,
        0.009708737864077669,
        0.009708737864077669
      ],
      [
        0.888015717092338,
        0.05697445972495089,
        0.009823182711198428,
        0.0137524557956778,
        0.021611001964636542,
        0.009823182711198428
      ],
      [
        0.896887159533074,
        0.0642023346303502,
        0.009727626459143969,
        0.009727626459143969,
        0.009727626459143969,
        0.009727626459143969
      ],
      [
        0.88671875,
        0.07421875,
        0.009765625,
        0.009765625,
        0.009765625,
        0.009765625
      ],
      [
        0.043137254901960784,
        0.07058823529411765,
        0.00980392156862745,
        0.013725490196078431,
        0.8529411764705882,
        0.00980392156862745
      ],
      [
        0.8828125,
        0.076171875,
        0.009765625,
        0.009765625,
        0.01171875,
        0.009765625
      ],
      [
        0.8745098039215686,
        0.0784313725490196,
        0.00980392156862745,
        0.00980392156862745,
        0.01764705882352941,
        0.00980392156862745
      ],
      [
        0.8910505836575876,
        0.06614785992217899,
        0.009727626459143969,
        0.009727626459143969,
        0.013618677042801557,
        0.009727626459143969
      ],
      [
        0.8990291262135922,
        0.062135922330097085,
        0.009708737864077669,
        0.009708737864077669,
        0.009708737864077669,
        0.009708737864077669
      ],
      [
        0.9321705426356589,
        0.029069767441860465,
        0.009689922480620155,
        0.009689922480620155,
        0.009689922480620155,
        0.009689922480620155
      ],
      [
        0.9415204678362573,
        0.01949317738791423,
        0.009746588693957114,
        0.009746588693957114,
        0.009746588693957114,
        0.009746588693957114
      ],
      [
        0.9514563106796116,
        0.009708737864077669,
        0.009708737864077669,
        0.009708737864077669,
        0.009708737864077669,
        0.009708737864077669
      ],
      [
        0.9160156249999999,
        0.03515625,
        0.009765625,
        0.009765625,
        0.01953125,
        0.009765625
      ],
      [
        0.9235294117647058,
        0.03333333333333333,
        0.00980392156862745,
        0.00980392156862745,
        0.013725490196078431,
        0.00980392156862745
      ],
      [
        0.8932038834951457,
        0.05048543689320388,
        0.009708737864077669,
        0.009708737864077669,
        0.027184466019417475,
        0.009708737864077669
      ],
      [
        0.8830409356725146,
        0.03898635477582846,
        0.009746588693957114,
        0.009746588693957114,
        0.04873294346978558,
        0.009746588693957114
      ],
      [
        0.12109375,
        0.048828125,
        0.009765625,
        0.009765625,
        0.8007812499999999,
        0.009765625
      ],
      [
        0.13111545988258316,
        0.03913894324853229,
        0.009784735812133072,
        0.009784735812133072,
        0.8003913894324852,
        0.009784735812133072
      ],
      [
        0.8747553816046967,
        0.04109589041095891,
        0.009784735812133072,
        0.009784735812133072,
        0.0547945205479452,
        0.009784735812133072
      ],
      [
        0.9202334630350194,
        0.04085603112840467,
        0.009727626459143969,
        0.009727626459143969,
        0.009727626459143969,
        0.009727626459143969
      ],
      [
        0.9313725490196078,
        0.01568627450980392,
        0.00980392156862745,
        0.00980392156862745,
        0.023529411764705882,
        0.00980392156862745
      ],
      [
        0.17738791423001948,
        0.015594541910331383,
        0.009746588693957114,
        0.009746588693957114,
        0.7777777777777778,
        0.009746588693957114
      ],
      [
        0.9514563106796116,
        0.009708737864077669,
        0.009708737864077669,
        0.009708737864077669,
        0.009708737864077669,
        0.009708737864077669
      ]
    ],
    [
      [
        0.9514563106796116,
        0.009708737864077669,
        0.009708737864077669,
        0.009708737864077669,
        0.009708737864077669,
        0.009708737864077669
      ],
      [
        0.79725,
        0.06725,
        0.03125,
        0.03875,
        0.03425,
        0.03125
      ],
      [
        0.7582500000000001,
        0.08675000000000001,
        0.03125000000000001,
        0.03875000000000001,
        0.053750000000000006,
        0.03125000000000001
      ],
      [
        0.7252500000000001,
        0.11375000000000002,
        0.03125000000000001,
        0.03875000000000001,
        0.059750000000000004,
        0.03125000000000001
      ],
      [
        0.13625,
        0.10925,
        0.03125,
        0.04175,
        0.65025,
        0.03125
      ],
      [
        0.16775,
        0.12875,
        0.03125,
        0.03875,
        0.6022500000000001,
        0.03125
      ],
      [
        0.71925,
        0.10775,
        0.03125,
        0.04325,
        0.06725,
        0.03125
      ],
      [
        0.25725,
        0.13774999999999998,
        0.03125,
        0.04625,
        0.49624999999999997,
        0.03125
      ],
      [
        0.65025,
        0.16625,
        0.03125,
        0.05075,
        0.07025,
        0.03125
      ],
      [
        0.17225000000000001,
        0.19125,
        0.03125,
        0.04775,
        0.52625,
        0.03125
      ],
      [
        0.16475,
        0.14225,
        0.03125,
        0.04775,
        0.58275,
        0.03125
      ],
      [
        0.67125,
        0.14825,
        0.03125,
        0.04025,
        0.07775,
        0.03125
      ],
      [
        0.6252500000000001,
        0.19875,
        0.03125,
        0.04475,
        0.06875,
        0.03125
      ],
      [
        0.71025,
        0.13625000000000004,
        0.03125000000000001,
        0.05075000000000001,
        0.04025000000000001,
        0.03125000000000001
      ],
      [
        0.72975,
        0.13025,
        0.03125,
        0.04325,
        0.03425,
        0.03125
      ],
      [
        0.8543307086614174,
        0.09645669291338584,
        0.00984251968503937,
        0.00984251968503937,
        0.01968503937007874,
        0.00984251968503937
      ],
      [
        0.009708737864077669,
        0.009708737864077669,
        0.009708737864077669,
        0.009708737864077669,
        0.009708737864077669,
        0.9514563106796116
      ],
      [
        0.8557312252964426,
        0.07509881422924901,
        0.009881422924901186,
        0.017786561264822132,
        0.03162055335968379,
        0.009881422924901186
      ],
      [
        0.8910891089108911,
        0.04950495049504951,
        0.011881188118811881,
        0.011881188118811881,
        0.02574257425742574,
        0.009900990099009901
      ],
      [
        0.8817829457364341,
        0.07945736434108527,
        0.009689922480620155,
        0.009689922480620155,
        0.009689922480620155,
        0.009689922480620155
      ],
      [
        0.8949416342412452,
        0.06614785992217899,
        0.009727626459143969,
        0.009727626459143969,
        0.009727626459143969,
        0.009727626459143969
      ],
      [
        0.875,
        0.08203125,
        0.009765625,
        0.009765625,
        0.013671875,
        0.009765625
      ],
      [
        0.8771929824561403,
        0.07797270955165692,
        0.009746588693957114,
        0.009746588693957114,
        0.015594541910331383,
        0.009746588693957114
      ],
      [
        0.87279843444227,
        0.08414872798434442,
        0.009784735812133072,
