{
  "prediction": [
    [
      [
        0.9514563106796116,
        0.009708737864077669,
        0.009708737864077669,
        0.009708737864077669,
        0.009708737864077669,
        0.009708737864077669
      ],
      [
        0.9514563106796116,
        0.009708737864077669,
        0.009708737864077669,
        0.009708737864077669,
        0.009708737864077669,
        0.009708737864077669
      ],
      [
        0.9514563106796116,
        0.009708737864077669,
        0.009708737864077669,
        0.009708737864077669,
        0.009708737864077669,
        0.009708737864077669
      ],
      [
        0.9514563106796116,
        0.009708737864077669,
        0.009708737864077669,
        0.009708737864077669,
        0.009708737864077669,
        0.009708737864077669
      ],
      [
        0.9514563106796116,
        0.009708737864077669,
        0.009708737864077669,
        0.009708737864077669,
        0.009708737864077669,
        0.009708737864077669
      ],
      [
        0.9514563106796116,
        0.009708737864077669,
        0.009708737864077669,
        0.009708737864077669,
        0.009708737864077669,
        0.009708737864077669
      ],
      [
        0.9514563106796116,
        0.009708737864077669,
        0.009708737864077669,
        0.009708737864077669,
        0.009708737864077669,
        0.009708737864077669
      ],
      [
        0.9514563106796116,
        0.009708737864077669,
        0.009708737864077669,
        0.009708737864077669,
        0.009708737864077669,
        0.009708737864077669
      ],
      [
        0.9514563106796116,
        0.009708737864077669,
        0.009708737864077669,
        0.009708737864077669,
        0.009708737864077669,
        0.009708737864077669
      ],
      [
        0.9514563106796116,
        0.009708737864077669,
        0.009708737864077669,
        0.009708737864077669,
        0.009708737864077669,
        0.009708737864077669
      ],
      [
        0.9514563106796116,
        0.009708737864077669,
        0.009708737864077669,
        0.009708737864077669,
        0.009708737864077669,
        0.009708737864077669
      ],
      [
        0.9514563106796116,
        0.009708737864077669,
        0.009708737864077669,
        0.009708737864077669,
        0.009708737864077669,
        0.009708737864077669
      ],
      [
        0.9514563106796116,
        0.009708737864077669,
        0.009708737864077669,
        0.009708737864077669,
        0.009708737864077669,
        0.009708737864077669
      ],
      [
        0.9514563106796116,
        0.009708737864077669,
        0.009708737864077669,
        0.009708737864077669,
        0.009708737864077669,
        0.009708737864077669
      ],
      [
        0.9514563106796116,
        0.009708737864077669,
        0.009708737864077669,
        0.009708737864077669,
        0.009708737864077669,
        0.009708737864077669
      ],
      [
        0.9514563106796116,
        0.009708737864077669,
        0.009708737864077669,
        0.009708737864077669,
        0.009708737864077669,
        0.009708737864077669
      ],
      [
        0.9514563106796116,
        0.009708737864077669,
        0.009708737864077669,
        0.009708737864077669,
        0.009708737864077669,
        0.009708737864077669
      ],
      [
        0.9514563106796116,
        0.009708737864077669,
        0.009708737864077669,
        0.009708737864077669,
        0.009708737864077669,
        0.009708737864077669
      ],
      [
        0.9514563106796116,
        0.009708737864077669,
        0.009708737864077669,
        0.009708737864077669,
        0.009708737864077669,
        0.009708737864077669
      ],
      [
        0.9514563106796116,
        0.009708737864077669,
        0.009708737864077669,
        0.009708737864077669,
        0.009708737864077669,
        0.009708737864077669
      ],
      [
        0.9514563106796116,
        0.009708737864077669,
        0.009708737864077669,
        0.009708737864077669,
        0.009708737864077669,
        0.009708737864077669
      ],
      [
        0.9514563106796116,
        0.009708737864077669,
        0.009708737864077669,
        0.009708737864077669,
        0.009708737864077669,
        0.009708737864077669
      ],
      [
        0.9514563106796116,
        0.009708737864077669,
        0.009708737864077669,
        0.009708737864077669,
        0.009708737864077669,
        0.009708737864077669
      ],
      [
        0.9514563106796116,
        0.009708737864077669,
        0.009708737864077669,
        0.009708737864077669,
        0.009708737864077669,
        0.009708737864077669
      ],
      [
        0.9514563106796116,
        0.009708737864077669,
        0.009708737864077669,
        0.009708737864077669,
        0.009708737864077669,
        0.009708737864077669
      ],
      [
        0.9514563106796116,
        0.009708737864077669,
        0.009708737864077669,
        0.009708737864077669,
        0.009708737864077669,
        0.009708737864077669
      ],
      [
        0.9514563106796116,
        0.009708737864077669,
        0.009708737864077669,
        0.009708737864077669,
        0.009708737864077669,
        0.009708737864077669
      ],
      [
        0.9514563106796116,
        0.009708737864077669,
        0.009708737864077669,
        0.009708737864077669,
        0.009708737864077669,
        0.009708737864077669
      ],
      [
        0.9514563106796116,
        0.009708737864077669,
        0.009708737864077669,
        0.009708737864077669,
        0.009708737864077669,
        0.009708737864077669
      ],
      [
        0.9514563106796116,
        0.009708737864077669,
        0.009708737864077669,
        0.009708737864077669,
        0.009708737864077669,
        0.009708737864077669
      ],
      [
        0.9514563106796116,
        0.009708737864077669,
        0.009708737864077669,
        0.009708737864077669,
        0.009708737864077669,
        0.009708737864077669
      ],
      [
        0.9514563106796116,
        0.009708737864077669,
        0.009708737864077669,
        0.009708737864077669,
        0.009708737864077669,
        0.009708737864077669
      ],
      [
        0.9514563106796116,
        0.009708737864077669,
        0.009708737864077669,
        0.009708737864077669,
        0.009708737864077669,
        0.009708737864077669
      ],
      [
        0.9514563106796116,
        0.009708737864077669,
        0.009708737864077669,
        0.009708737864077669,
        0.009708737864077669,
        0.009708737864077669
      ],
      [
        0.9514563106796116,
        0.009708737864077669,
        0.009708737864077669,
        0.009708737864077669,
        0.009708737864077669,
        0.009708737864077669
      ],
      [
        0.9514563106796116,
        0.009708737864077669,
        0.009708737864077669,
        0.009708737864077669,
        0.009708737864077669,
        0.009708737864077669
      ],
      [
        0.9514563106796116,
        0.009708737864077669,
        0.009708737864077669,
        0.009708737864077669,
        0.009708737864077669,
        0.009708737864077669
      ],
      [
        0.9514563106796116,
        0.009708737864077669,
        0.009708737864077669,
        0.009708737864077669,
        0.009708737864077669,
        0.009708737864077669
      ],
      [
        0.9514563106796116,
        0.009708737864077669,
        0.009708737864077669,
        0.009708737864077669,
        0.009708737864077669,
        0.009708737864077669
      ],
      [
        0.9514563106796116,
        0.009708737864077669,
        0.009708737864077669,
        0.009708737864077669,
        0.009708737864077669,
        0.009708737864077669
      ]
    ],
    [
      [
        0.9514563106796116,
        0.009708737864077669,
        0.009708737864077669,
        0.009708737864077669,
        0.009708737864077669,
        0.009708737864077669
      ],
      [
        0.009596928982725527,
        0.009596928982725527,
        0.009596928982725527,
        0.009596928982725527,
        0.9520153550863724,
        0.009596928982725527
      ],
      [
        0.013592233009708738,
        0.009708737864077669,
        0.009708737864077669,
        0.009708737864077669,
        0.9475728155339805,
        0.009708737864077669
      ],
      [
        0.9498069498069498,
        0.011583011583011582,
        0.009652509652509652,
        0.009652509652509652,
        0.009652509652509652,
        0.009652509652509652
      ],
      [
        0.9517374517374517,
        0.009652509652509652,
        0.009652509652509652,
        0.009652509652509652,
        0.009652509652509652,
        0.009652509652509652
      ],
      [
        0.009652509652509652,
        0.009652509652509652,
        0.009652509652509652,
        0.009652509652509652,
        0.9517374517374517,
        0.009652509652509652
      ],
      [
        0.9518304431599229,
        0.009633911368015413,
        0.009633911368015413,
        0.009633911368015413,
        0.009633911368015413,
        0.009633911368015413
      ],
      [
        0.9520153550863724,
        0.009596928982725527,
        0.009596928982725527,
        0.009596928982725527,
        0.009596928982725527,
        0.009596928982725527
      ],
      [
        0.01171875,
        0.015625,
        0.009765625,
        0.009765625,
        0.943359375,
        0.009765625
      ],
      [
        0.013565891472868217,
        0.009689922480620155,
        0.009689922480620155,
        0.009689922480620155,
        0.9476744186046511,
        0.009689922480620155
      ],
      [
        0.015717092337917484,
        0.021611001964636542,
        0.009823182711198428,
        0.009823182711198428,
        0.9332023575638506,
        0.009823182711198428
      ],
      [
        0.9452054794520548,
        0.015655577299412915,
        0.009784735812133072,
        0.009784735812133072,
        0.009784735812133072,
        0.009784735812133072
      ],
      [
        0.04109589041095891,
        0.0136986301369863,
        0.009784735812133072,
        0.009784735812133072,
        0.9158512720156556,
        0.009784735812133072
      ],
      [
        0.9370078740157479,
        0.01968503937007874,
        0.00984251968503937,
        0.00984251968503937,
        0.013779527559055118,
        0.00984251968503937
      ],
      [
        0.07198443579766536,
        0.027237354085603113,
        0.009727626459143969,
        0.009727626459143969,
        0.8715953307392996,
        0.009727626459143969
      ],
      [
        0.9254901960784313,
        0.027450980392156862,
        0.00980392156862745,
        0.01568627450980392,
        0.011764705882352941,
        0.00980392156862745
      ],
      [
        0.9179687499999999,
        0.02734375,
        0.009765625,
        0.009765625,
        0.025390625,
        0.009765625
      ],
      [
        0.07827788649706457,
        0.03522504892367906,
        0.009784735812133072,
        0.009784735812133072,
        0.8571428571428571,
        0.009784735812133072
      ],
      [
        0.8771929824561403,
        0.05458089668615984,
        0.009746588693957114,
        0.009746588693957114,
        0.03898635477582846,
        0.009746588693957114
      ],
      [
        0.884765625,
        0.0703125,
        0.009765625,
        0.015625,
        0.009765625,
        0.009765625
      ],
      [
        0.8641732283464567,
        0.05511811023622047,
        0.00984251968503937,
        0.01968503937007874,
        0.04133858267716536,
        0.00984251968503937
      ],
      [
        0.1650294695481336,
        0.05108055009823182,
        0.009823182711198428,
        0.011787819253438114,
        0.7524557956777996,
        0.009823182711198428
      ],
      [
        0.849802371541502,
        0.08300395256916997,
        0.009881422924901186,
        0.01383399209486166,
        0.03359683794466403,
        0.009881422924901186
      ],
      [
        0.1496062992125984,
        0.06496062992125984,
        0.00984251968503937,
        0.015748031496062992,
        0.75,
        0.00984251968503937
      ],
      [
        0.73275,
        0.08375,
        0.03125,
        0.04625,
        0.07475000000000001,
        0.03125
      ],
      [
        0.73425,
        0.08225,
        0.03725,
        0.04475,
        0.07025,
        0.03125
      ],
      [
        0.16475,
        0.07475000000000001,
        0.03725,
        0.10875,
        0.58325,
        0.03125
      ],
      [
        0.17375000000000002,
        0.07625,
        0.03875,
        0.04025,
        0.63975,
        0.03125
      ],
      [
        0.68225,
        0.06275,
        0.09525,
        0.04025,
        0.08825,
        0.03125
      ],
      [
        0.76275,
        0.07175000000000001,
        0.03275,
        0.03725,
        0.06425,
        0.03125
      ],
      [
        0.76275,
        0.06875,
        0.035750000000000004,
        0.03875,
        0.06275,
        0.03125
      ],
      [
        0.7642500000000001,
        0.059750000000000004,
        0.03275000000000001,
        0.037250000000000005,
        0.07475000000000002,
        0.03125000000000001
      ],
      [
        0.78075,
        0.05375,
        0.03425,
        0.03875,
        0.06125,
        0.03125
      ],
      [
        0.20775,
        0.03875,
        0.03275,
        0.035750000000000004,
        0.6537499999999999,
        0.03125
      ],
      [
        0.8017500000000001,
        0.046250000000000006,
        0.03125000000000001,
        0.03275000000000001,
        0.05675000000000001,
        0.03125000000000001
      ],
      [
        0.9514563106796116,
        0.009708737864077669,
        0.009708737864077669,
        0.009708737864077669,
        0.009708737864077669,
        0.009708737864077669
      ],
      [
        0.8242500000000001,
        0.03875000000000001,
        0.03275000000000001,
        0.03875000000000001,
        0.03425000000000001,
        0.03125000000000001
      ],
      [
        0.8287500000000001,
        0.03275000000000001,
        0.03125000000000001,
        0.03425000000000001,
        0.04175000000000001,
        0.03125000000000001
      ],
      [
        0.82725,
        0.03425,
        0.03125,
        0.03125,
        0.04475,
        0.03125
      ],
      [
        0.9514563106796116,
        0.009708737864077669,
        0.009708737864077669,
        0.009708737864077669,
        0.009708737864077669,
        0.009708737864077669
      ]
    ],
    [
      [
        0.9514563106796116,
        0.009708737864077669,
        0.009708737864077669,
        0.009708737864077669,
        0.009708737864077669,
        0.009708737864077669
      ],
      [
        0.9517374517374517,
        0.009652509652509652,
        0.009652509652509652,
        0.009652509652509652,
        0.009652509652509652,
        0.009652509652509652
      ],
      [
        0.9514563106796116,
        0.009708737864077669,
        0.009708737864077669,
        0.009708737864077669,
        0.009708737864077669,
        0.009708737864077669
      ],
      [
        0.9512670565302144,
        0.009746588693957114,
        0.009746588693957114,
        0.009746588693957114,
        0.009746588693957114,
        0.009746588693957114
      ],
      [
        0.011741682974559686,
        0.009784735812133072,
        0.009784735812133072,
        0.009784735812133072,
        0.949119373776908,
        0.009784735812133072
      ],
      [
        0.9417475728155339,
        0.019417475728155338,
        0.009708737864077669,
        0.009708737864077669,
        0.009708737864077669,
        0.009708737864077669
      ],
      [
        0.9442307692307692,
        0.017307692307692305,
        0.009615384615384616,
        0.009615384615384616,
        0.009615384615384616,
        0.009615384615384616
      ],
      [
        0.94015444015444,
        0.021235521235521235,
        0.009652509652509652,
        0.009652509652509652,
        0.009652509652509652,
        0.009652509652509652
      ],
      [
        0.9342359767891683,
        0.027079303675048357,
        0.009671179883945842,
        0.009671179883945842,
        0.009671179883945842,
        0.009671179883945842
      ],
      [
        0.9400386847195358,
        0.02127659574468085,
        0.009671179883945842,
        0.009671179883945842,
        0.009671179883945842,
        0.009671179883945842
      ],
      [
        0.9320388349514562,
        0.029126213592233007,
        0.009708737864077669,
        0.009708737864077669,
        0.009708737864077669,
        0.009708737864077669
      ],
      [
        0.915686274509804,
        0.03333333333333333,
        0.00980392156862745,
        0.00980392156862745,
        0.021568627450980392,
        0.00980392156862745
      ],
      [
        0.03913894324853229,
        0.03522504892367906,
        0.009784735812133072,
        0.009784735812133072,
        0.8962818003913895,
        0.009784735812133072
      ],
      [
        0.9067961165048544,
        0.05048543689320388,
        0.009708737864077669,
        0.009708737864077669,
        0.013592233009708738,
        0.009708737864077669
      ],
      [
        0.9281553398058252,
        0.029126213592233007,
        0.009708737864077669,
        0.009708737864077669,
        0.013592233009708738,
        0.009708737864077669
      ],
      [
        0.904296875,
        0.048828125,
        0.009765625,
        0.009765625,
        0.017578125,
        0.009765625
      ],
      [
        0.9001956947162427,
        0.050880626223091974,
        0.009784735812133072,
        0.009784735812133072,
        0.019569471624266144,
        0.009784735812133072
      ],
      [
        0.8784313725490196,
        0.07058823529411765,
        0.00980392156862745,
        0.013725490196078431,
        0.01764705882352941,
        0.00980392156862745
      ],
      [
        0.830078125,
        0.10546875,
        0.009765625,
        0.009765625,
        0.03515625,
        0.009765625
      ],
      [
        0.8828125,
        0.05859375,
        0.009765625,
        0.009765625,
        0.029296875,
        0.009765625
      ],
      [
        0.8235294117647058,
        0.10392156862745097,
        0.00980392156862745,
        0.01568627450980392,
        0.03725490196078431,
        0.00980392156862745
      ],
      [
        0.14313725490196078,
        0.08431372549019607,
        0.00980392156862745,
        0.025490196078431372,
        0.7274509803921568,
        0.00980392156862745
      ],
      [
        0.8082191780821917,
        0.1095890410958904,
        0.009784735812133072,
        0.009784735812133072,
        0.05283757338551859,
        0.009784735812133072
      ],
      [
        0.5411764705882354,
        0.19999999999999998,
        0.00980392156862745,
        0.027450980392156862,
        0.21176470588235294,
        0.00980392156862745
      ],
      [
        0.16325,
        0.09875,
        0.03125,
        0.05075,
        0.6247499999999999,
        0.03125
      ],
      [
        0.67925,
        0.09425,
        0.03125,
        0.03725,
        0.12675,
        0.03125
      ],
      [
        0.14675,
        0.13025,
        0.03125,
        0.04025,
        0.62025,
        0.03125
      ],
      [
        0.66575,
        0.16875,
        0.03125,
        0.04175,
        0.06125,
        0.03125
      ],
      [
        0.16025,
        0.09125,
        0.03125,
        0.04175,
        0.64425,
        0.03125
      ],
      [
        0.6687500000000001,
        0.16275000000000003,
        0.03125000000000001,
        0.03425000000000001,
        0.07175000000000002,
        0.03125000000000001
      ],
      [
        0.15425,
        0.07925,
        0.03125,
        0.03725,
        0.66675,
        0.03125
      ],
      [
        0.11975,
        0.07625,
        0.04475,
        0.04025,
        0.6877500000000001,
        0.03125
      ],
      [
        0.7672500000000001,
        0.06875000000000002,
        0.03275000000000001,
        0.037250000000000005,
        0.06275000000000001,
        0.03125000000000001
      ],
      [
        0.9514563106796116,
        0.009708737864077669,
        0.009708737864077669,
        0.009708737864077669,
        0.009708737864077669,
        0.009708737864077669
      ],
      [
        0.9514563106796116,
        0.009708737864077669,
        0.009708737864077669,
        0.009708737864077669,
        0.009708737864077669,
        0.009708737864077669
      ],
      [
        0.7897500000000001,
        0.052250000000000005,
        0.03275,
        0.03725,
        0.05675,
        0.03125
      ],
      [
        0.7957500000000001,
        0.052250000000000005,
        0.04025,
        0.03125,
        0.04925,
        0.03125
      ],
      [
        0.80025,
        0.04925000000000001,
        0.03125000000000001,
        0.03425000000000001,
        0.053750000000000006,
        0.03125000000000001
      ],
      [
        0.08825,
        0.04325,
        0.03425,
        0.03125,
        0.77175,
        0.03125
      ],
      [
        0.9514563106796116,
        0.009708737864077669,
        0.009708737864077669,
        0.009708737864077669,
        0.009708737864077669,
        0.009708737864077669
      ]
    ],
    [
      [
        0.9514563106796116,
        0.009708737864077669,
        0.009708737864077669,
        0.009708737864077669,
        0.009708737864077669,
        0.009708737864077669
      ],
      [
        0.9514563106796116,
        0.009708737864077669,
        0.009708737864077669,
        0.009708737864077669,
        0.009708737864077669,
        0.009708737864077669
      ],
      [
        0.9514563106796116,
        0.009708737864077669,
        0.009708737864077669,
        0.009708737864077669,
        0.009708737864077669,
        0.009708737864077669
      ],
      [
        0.9514563106796116,
        0.009708737864077669,
        0.009708737864077669,
        0.009708737864077669,
        0.009708737864077669,
        0.009708737864077669
      ],
      [
        0.9473684210526315,
        0.01364522417153996,
        0.009746588693957114,
        0.009746588693957114,
        0.009746588693957114,
        0.009746588693957114
      ],
      [
        0.023346303501945526,
        0.009727626459143969,
        0.009727626459143969,
        0.009727626459143969,
        0.9377431906614786,
        0.009727626459143969
      ],
      [
        0.9489194499017681,
        0.011787819253438114,
        0.009823182711198428,
        0.009823182711198428,
        0.009823182711198428,
        0.009823182711198428
      ],
      [
        0.9303675048355898,
        0.030947775628626693,
        0.009671179883945842,
        0.009671179883945842,
        0.009671179883945842,
        0.009671179883945842
      ],
      [
        0.9171483622350673,
        0.04431599229287091,
        0.009633911368015413,
        0.009633911368015413,
        0.009633911368015413,
        0.009633911368015413
      ],
      [
        0.015625,
        0.0390625,
        0.009765625,
        0.009765625,
        0.9160156249999999,
        0.009765625
      ],
      [
        0.9316406249999999,
        0.029296875,
        0.009765625,
        0.009765625,
        0.009765625,
        0.009765625
      ],
      [
        0.9200779727095516,
        0.04093567251461989,
        0.009746588693957114,
        0.009746588693957114,
        0.009746588693957114,
        0.009746588693957114
      ],
      [
        0.041015625,
        0.0390625,
        0.009765625,
        0.009765625,
        0.890625,
        0.009765625
      ],
      [
        0.07782101167315175,
        0.05836575875486381,
        0.009727626459143969,
        0.009727626459143969,
        0.8346303501945525,
        0.009727626459143969
      ],
      [
        0.8962818003913895,
        0.0547945205479452,
        0.009784735812133072,
        0.009784735812133072,
        0.019569471624266144,
        0.009784735812133072
      ],
      [
        0.8815533980582524,
        0.07184466019417475,
        0.009708737864077669,
        0.017475728155339803,
        0.009708737864077669,
        0.009708737864077669
      ],
      [
        0.8803921568627451,
        0.06274509803921569,
        0.00980392156862745,
        0.011764705882352941,
        0.025490196078431372,
        0.00980392156862745
      ],
      [
        0.091796875,
        0.06640625,
        0.009765625,
        0.009765625,
        0.8125,
        0.009765625
      ],
      [
        0.8196078431372549,
        0.10784313725490197,
        0.00980392156862745,
        0.01764705882352941,
        0.03529411764705882,
        0.00980392156862745
      ],
      [
        0.14313725490196078,
        0.07450980392156863,
        0.00980392156862745,
        0.01568627450980392,
        0.7470588235294118,
        0.00980392156862745
      ],
      [
        0.8058823529411764,
        0.11372549019607843,
        0.00980392156862745,
        0.0196078431372549,
        0.041176470588235294,
        0.00980392156862745
      ],
      [
        0.17254901960784313,
        0.12549019607843137,
        0.00980392156862745,
        0.01568627450980392,
        0.6666666666666667,
        0.00980392156862745
      ],
      [
        0.7980392156862745,
        0.13333333333333333,
        0.00980392156862745,
        0.013725490196078431,
        0.03529411764705882,
        0.00980392156862745
      ],
      [
        0.8137254901960784,
        0.11176470588235295,
        0.00980392156862745,
        0.01764705882352941,
        0.03725490196078431,
        0.00980392156862745
      ],
      [
        0.6507499999999999,
        0.11975,
        0.03125,
        0.04025,
        0.12675,
        0.03125
      ],
      [
        0.70575,
        0.11975,
        0.03125,
        0.04175,
        0.07025,
        0.03125
      ],
      [
        0.64925,
        0.17325000000000002,
        0.03125,
        0.04325,
        0.07175000000000001,
        0.03125
      ],
      [
        0.63575,
        0.10775,
        0.03125,
        0.052250000000000005,
        0.14175,
        0.03125
      ],
      [
        0.74025,
        0.09575,
        0.03125,
        0.03725,
        0.06425,
        0.03125
      ],
      [
        0.74625,
        0.08825,
        0.03125,
        0.03725,
        0.06575,
        0.03125
      ],
      [
        0.67625,
        0.15675,
        0.03125,
        0.04325,
        0.06125,
        0.03125
      ],
      [
        0.5562499999999999,
        0.09725,
        0.04025,
        0.04025,
        0.23475000000000001,
        0.03125
      ],
      [
        0.9514563106796116,
        0.009708737864077669,
        0.009708737864077669,
        0.009708737864077669,
        0.009708737864077669,
        0.009708737864077669
      ],
      [
        0.9514563106796116,
        0.009708737864077669,
        0.009708737864077669,
        0.009708737864077669,
        0.009708737864077669,
        0.009708737864077669
      ],
      [
        0.22725,
        0.05375,
        0.035750000000000004,
        0.04025,
        0.61175,
        0.03125
      ],
      [
        0.71975,
        0.06275,
        0.03275,
        0.035750000000000004,
        0.11775,
        0.03125
      ],
      [
        0.7852500000000001,
        0.06275000000000001,
        0.03125000000000001,
        0.03875000000000001,
        0.05075000000000001,
        0.03125000000000001
      ],
      [
        0.08675,
        0.06275,
        0.03125,
        0.03875,
        0.74925,
        0.03125
      ],
      [
        0.8077500000000001,
        0.043250000000000004,
        0.03425000000000001,
        0.03275000000000001,
        0.05075000000000001,
        0.03125000000000001
      ],
      [
        0.9514563106796116,
        0.009708737864077669,
        0.009708737864077669,
        0.009708737864077669,
        0.009708737864077669,
        0.009708737864077669
      ]
    ],
    [
      [
        0.9514563106796116,
        0.009708737864077669,
        0.009708737864077669,
        0.009708737864077669,
        0.009708737864077669,
        0.009708737864077669
      ],
      [
        0.03326810176125245,
        0.0136986301369863,
        0.009784735812133072,
        0.009784735812133072,
        0.923679060665362,
        0.009784735812133072
      ],
      [
        0.9197651663405088,
        0.04109589041095891,
        0.009784735812133072,
        0.009784735812133072,
        0.009784735812133072,
        0.009784735812133072
      ],
      [
        0.03522504892367906,
        0.03326810176125245,
        0.009784735812133072,
        0.009784735812133072,
        0.9021526418786693,
        0.009784735812133072
      ],
      [
        0.9514563106796116,
        0.009708737864077669,
        0.009708737864077669,
        0.009708737864077669,
        0.009708737864077669,
        0.009708737864077669
      ],
      [
        0.9514563106796116,
        0.009708737864077669,
        0.009708737864077669,
        0.009708737864077669,
        0.009708737864077669,
        0.009708737864077669
      ],
      [
        0.9233791748526522,
        0.03339882121807466,
        0.0137524557956778,
        0.009823182711198428,
        0.009823182711198428,
        0.009823182711198428
      ],
      [
        0.9196078431372549,
        0.041176470588235294,
        0.00980392156862745,
        0.00980392156862745,
        0.00980392156862745,
        0.00980392156862745
      ],
      [
        0.9184466019417475,
        0.04271844660194175,
        0.009708737864077669,
        0.009708737864077669,
        0.009708737864077669,
        0.009708737864077669
      ],
      [
        0.904109589041096,
        0.050880626223091974,
        0.009784735812133072,
        0.009784735812133072,
        0.015655577299412915,
        0.009784735812133072
      ],
      [
        0.9148936170212765,
        0.04642166344294004,
        0.009671179883945842,
        0.009671179883945842,
        0.009671179883945842,
        0.009671179883945842
      ],
      [
        0.9218749999999999,
        0.0390625,
        0.009765625,
        0.009765625,
        0.009765625,
        0.009765625
      ],
      [
        0.9238281249999999,
        0.03515625,
        0.009765625,
        0.009765625,
        0.01171875,
        0.009765625
      ],
      [
        0.8674463937621832,
        0.07212475633528265,
        0.009746588693957114,
        0.009746588693957114,
        0.031189083820662766,
        0.009746588693957114
      ],
      [
        0.898238747553816,
        0.050880626223091974,
        0.009784735812133072,
        0.009784735812133072,
        0.021526418786692758,
        0.009784735812133072
      ],
      [
        0.8745098039215686,
        0.07058823529411765,
        0.00980392156862745,
        0.013725490196078431,
        0.021568627450980392,
        0.00980392156862745
      ],
      [
        0.8705882352941177,
        0.0803921568627451,
        0.00980392156862745,
        0.011764705882352941,
        0.01764705882352941,
        0.00980392156862745
      ],
      [
        0.8674463937621832,
        0.07797270955165692,
        0.009746588693957114,
        0.009746588693957114,
        0.025341130604288498,
        0.009746588693957114
      ],
      [
        0.8235294117647058,
        0.10784313725490197,
        0.00980392156862745,
        0.011764705882352941,
        0.03725490196078431,
        0.00980392156862745
      ],
      [
        0.177734375,
        0.0859375,
        0.009765625,
        0.009765625,
        0.70703125,
        0.009765625
      ],
      [
        0.7941176470588236,
        0.1411764705882353,
        0.00980392156862745,
        0.011764705882352941,
        0.03333333333333333,
        0.00980392156862745
      ],
      [
        0.8277886497064579,
        0.10567514677103718,
        0.009784735812133072,
        0.009784735812133072,
        0.03718199608610567,
        0.009784735812133072
      ],
      [
        0.8098039215686273,
        0.10980392156862745,
        0.00980392156862745,
        0.01568627450980392,
        0.045098039215686274,
        0.00980392156862745
      ],
      [
        0.17254901960784313,
        0.09019607843137255,
        0.00980392156862745,
        0.011764705882352941,
        0.7058823529411764,
        0.00980392156862745
      ],
      [
        0.16325,
        0.11975,
        0.03125,
        0.05075,
        0.60375,
        0.03125
      ],
      [
        0.15125,
        0.13025,
        0.03125,
        0.04175,
        0.61425,
        0.03125
      ],
      [
        0.58275,
        0.15425,
        0.03125,
        0.04025,
        0.16025,
        0.03125
      ],
      [
        0.71475,
        0.11075,
        0.03125,
        0.04175,
        0.07025,
        0.03125
      ],
      [
        0.21875,
        0.15975,
        0.03125,
        0.03725,
        0.52175,
        0.03125
      ],
      [
        0.52775,
        0.19875,
        0.03125,
        0.05075,
        0.16025,
        0.03125
      ],
      [
        0.6927500000000001,
        0.13725000000000004,
        0.03125000000000001,
        0.044750000000000005,
        0.06275000000000001,
        0.03125000000000001
      ],
      [
        0.7032500000000002,
        0.06275000000000001,
        0.09825000000000002,
        0.04175000000000001,
        0.06275000000000001,
        0.03125000000000001
      ],
      [
        0.9514563106796116,
        0.009708737864077669,
        0.009708737864077669,
        0.009708737864077669,
        0.009708737864077669,
        0.009708737864077669
      ],
      [
        0.9514563106796116,
        0.009708737864077669,
        0.009708737864077669,
        0.009708737864077669,
        0.009708737864077669,
        0.009708737864077669
      ],
      [
        0.75825,
        0.07325000000000001,
        0.03425,
        0.04175,
        0.06125,
        0.03125
      ],
      [
        0.77625,
        0.06575,
        0.03125,
        0.04025,
        0.05525,
        0.03125
      ],
      [
        0.11975,
        0.07175000000000001,
        0.03125,
        0.035750000000000004,
        0.7102499999999999,
        0.03125
      ],
      [
        0.79425,
        0.05375,
        0.03125,
        0.03725,
        0.052250000000000005,
        0.03125
      ],
      [
        0.8077500000000001,
        0.044750000000000005,
        0.03125000000000001,
        0.03425000000000001,
        0.05075000000000001,
        0.03125000000000001
      ],
      [
        0.9514563106796116,
        0.009708737864077669,
        0.009708737864077669,
        0.009708737864077669,
        0.009708737864077669,
        0.009708737864077669
      ]
    ],
    [
      [
        0.9514563106796116,
        0.009708737864077669,
        0.009708737864077669,
        0.009708737864077669,
        0.009708737864077669,
        0.009708737864077669
      ],
      [
        0.841897233201581,
        0.07509881422924901,
        0.009881422924901186,
        0.011857707509881424,
        0.05138339920948616,
        0.009881422924901186
      ],
      [
        0.15294117647058822,
        0.10784313725490197,
        0.00980392156862745,
        0.00980392156862745,
        0.7098039215686274,
        0.00980392156862745
      ],
      [
        0.8396039603960396,
        0.07128712871287128,
        0.031683168316831684,
        0.015841584158415842,
        0.031683168316831684,
        0.009900990099009901
      ],
      [
        0.171259842519685,
        0.0748031496062992,
        0.00984251968503937,
        0.015748031496062992,
        0.718503937007874,
        0.00984251968503937
      ],
      [
        0.9514563106796116,
        0.009708737864077669,
        0.009708737864077669,
        0.009708737864077669,
        0.009708737864077669,
        0.009708737864077669
      ],
      [
        0.19207920792079208,
        0.06732673267326733,
        0.009900990099009901,
        0.02178217821782178,
        0.699009900990099,
        0.009900990099009901
      ],
      [
        0.17623762376237623,
        0.07128712871287128,
        0.015841584158415842,
        0.01782178217821782,
        0.7089108910891089,
        0.009900990099009901
      ],
      [
        0.814453125,
        0.11328125,
        0.009765625,
        0.009765625,
        0.04296875,
        0.009765625
      ],
      [
        0.9158512720156556,
        0.043052837573385516,
        0.009784735812133072,
        0.009784735812133072,
        0.011741682974559686,
        0.009784735812133072
      ],
      [
        0.9085603112840467,
        0.04474708171206226,
        0.009727626459143969,
        0.009727626459143969,
        0.01750972762645914,
        0.009727626459143969
      ],
      [
        0.9281553398058252,
        0.03300970873786408,
        0.009708737864077669,
        0.009708737864077669,
        0.009708737864077669,
        0.009708737864077669
      ],
      [
        0.9005847953216375,
        0.05847953216374269,
        0.009746588693957114,
        0.009746588693957114,
        0.011695906432748537,
        0.009746588693957114
      ],
      [
        0.12352941176470589,
        0.052941176470588235,
        0.00980392156862745,
        0.00980392156862745,
        0.7941176470588236,
        0.00980392156862745
      ],
      [
        0.8764705882352941,
        0.06666666666666667,
        0.00980392156862745,
        0.013725490196078431,
        0.023529411764705882,
        0.00980392156862745
      ],
      [
        0.13725490196078433,
        0.11372549019607843,
        0.00980392156862745,
        0.023529411764705882,
        0.7058823529411764,
        0.00980392156862745
      ],
      [
        0.6588235294117647,
        0.14705882352941177,
        0.00980392156862745,
        0.013725490196078431,
        0.1607843137254902,
        0.00980392156862745
      ],
      [
        0.8294117647058823,
        0.09999999999999999,
        0.00980392156862745,
        0.0196078431372549,
        0.03137254901960784,
        0.00980392156862745
      ],
      [
        0.22156862745098038,
        0.14313725490196078,
        0.00980392156862745,
        0.013725490196078431,
        0.6019607843137255,
        0.00980392156862745
      ],
      [
        0.7882352941176471,
        0.12352941176470589,
        0.00980392156862745,
        0.011764705882352941,
        0.056862745098039215,
        0.00980392156862745
      ],
      [
        0.7803921568627451,
        0.13137254901960785,
        0.00980392156862745,
        0.01568627450980392,
        0.052941176470588235,
        0.00980392156862745
      ],
      [
        0.7529411764705882,
        0.14509803921568626,
        0.00980392156862745,
        0.011764705882352941,
        0.07058823529411765,
        0.00980392156862745
      ],
      [
        0.7490196078431373,
        0.15098039215686274,
        0.00980392156862745,
        0.025490196078431372,
        0.054901960784313725,
        0.00980392156862745
      ],
      [
        0.7666666666666667,
        0.13921568627450978,
        0.00980392156862745,
        0.013725490196078431,
        0.060784313725490195,
        0.00980392156862745
      ],
      [
        0.68475,
        0.13475,
        0.03125,
        0.04175,
        0.07625,
        0.03125
      ],
      [
        0.6937500000000001,
        0.11675,
        0.03125,
        0.04775,
        0.07925,
        0.03125
      ],
      [
        0.6132500000000001,
