{
  "prediction": [
    [
      [
        0.9514563106796116,
        0.009708737864077669,
        0.009708737864077669,
        0.009708737864077669,
        0.009708737864077669,
        0.009708737864077669
      ],
      [
        0.9514563106796116,
        0.009708737864077669,
        0.009708737864077669,
        0.009708737864077669,
        0.009708737864077669,
        0.009708737864077669
      ],
      [
        0.9514563106796116,
        0.009708737864077669,
        0.009708737864077669,
        0.009708737864077669,
        0.009708737864077669,
        0.009708737864077669
      ],
      [
        0.9514563106796116,
        0.009708737864077669,
        0.009708737864077669,
        0.009708737864077669,
        0.009708737864077669,
        0.009708737864077669
      ],
      [
        0.9514563106796116,
        0.009708737864077669,
        0.009708737864077669,
        0.009708737864077669,
        0.009708737864077669,
        0.009708737864077669
      ],
      [
        0.9514563106796116,
        0.009708737864077669,
        0.009708737864077669,
        0.009708737864077669,
        0.009708737864077669,
        0.009708737864077669
      ],
      [
        0.9514563106796116,
        0.009708737864077669,
        0.009708737864077669,
        0.009708737864077669,
        0.009708737864077669,
        0.009708737864077669
      ],
      [
        0.9514563106796116,
        0.009708737864077669,
        0.009708737864077669,
        0.009708737864077669,
        0.009708737864077669,
        0.009708737864077669
      ],
      [
        0.9514563106796116,
        0.009708737864077669,
        0.009708737864077669,
        0.009708737864077669,
        0.009708737864077669,
        0.009708737864077669
      ],
      [
        0.9514563106796116,
        0.009708737864077669,
        0.009708737864077669,
        0.009708737864077669,
        0.009708737864077669,
        0.009708737864077669
      ],
      [
        0.9514563106796116,
        0.009708737864077669,
        0.009708737864077669,
        0.009708737864077669,
        0.009708737864077669,
        0.009708737864077669
      ],
      [
        0.9514563106796116,
        0.009708737864077669,
        0.009708737864077669,
        0.009708737864077669,
        0.009708737864077669,
        0.009708737864077669
      ],
      [
        0.9514563106796116,
        0.009708737864077669,
        0.009708737864077669,
        0.009708737864077669,
        0.009708737864077669,
        0.009708737864077669
      ],
      [
        0.9514563106796116,
        0.009708737864077669,
        0.009708737864077669,
        0.009708737864077669,
        0.009708737864077669,
        0.009708737864077669
      ],
      [
        0.9514563106796116,
        0.009708737864077669,
        0.009708737864077669,
        0.009708737864077669,
        0.009708737864077669,
        0.009708737864077669
      ],
      [
        0.9514563106796116,
        0.009708737864077669,
        0.009708737864077669,
        0.009708737864077669,
        0.009708737864077669,
        0.009708737864077669
      ],
      [
        0.9514563106796116,
        0.009708737864077669,
        0.009708737864077669,
        0.009708737864077669,
        0.009708737864077669,
        0.009708737864077669
      ],
      [
        0.9514563106796116,
        0.009708737864077669,
        0.009708737864077669,
        0.009708737864077669,
        0.009708737864077669,
        0.009708737864077669
      ],
      [
        0.9514563106796116,
        0.009708737864077669,
        0.009708737864077669,
        0.009708737864077669,
        0.009708737864077669,
        0.009708737864077669
      ],
      [
        0.9514563106796116,
        0.009708737864077669,
        0.009708737864077669,
        0.009708737864077669,
        0.009708737864077669,
        0.009708737864077669
      ],
      [
        0.9514563106796116,
        0.009708737864077669,
        0.009708737864077669,
        0.009708737864077669,
        0.009708737864077669,
        0.009708737864077669
      ],
      [
        0.9514563106796116,
        0.009708737864077669,
        0.009708737864077669,
        0.009708737864077669,
        0.009708737864077669,
        0.009708737864077669
      ],
      [
        0.9514563106796116,
        0.009708737864077669,
        0.009708737864077669,
        0.009708737864077669,
        0.009708737864077669,
        0.009708737864077669
      ],
      [
        0.9514563106796116,
        0.009708737864077669,
        0.009708737864077669,
        0.009708737864077669,
        0.009708737864077669,
        0.009708737864077669
      ],
      [
        0.9514563106796116,
        0.009708737864077669,
        0.009708737864077669,
        0.009708737864077669,
        0.009708737864077669,
        0.009708737864077669
      ],
      [
        0.9514563106796116,
        0.009708737864077669,
        0.009708737864077669,
        0.009708737864077669,
        0.009708737864077669,
        0.009708737864077669
      ],
      [
        0.9514563106796116,
        0.009708737864077669,
        0.009708737864077669,
        0.009708737864077669,
        0.009708737864077669,
        0.009708737864077669
      ],
      [
        0.9514563106796116,
        0.009708737864077669,
        0.009708737864077669,
        0.009708737864077669,
        0.009708737864077669,
        0.009708737864077669
      ],
      [
        0.9514563106796116,
        0.009708737864077669,
        0.009708737864077669,
        0.009708737864077669,
        0.009708737864077669,
        0.009708737864077669
      ],
      [
        0.9514563106796116,
        0.009708737864077669,
        0.009708737864077669,
        0.009708737864077669,
        0.009708737864077669,
        0.009708737864077669
      ],
      [
        0.9514563106796116,
        0.009708737864077669,
        0.009708737864077669,
        0.009708737864077669,
        0.009708737864077669,
        0.009708737864077669
      ],
      [
        0.9514563106796116,
        0.009708737864077669,
        0.009708737864077669,
        0.009708737864077669,
        0.009708737864077669,
        0.009708737864077669
      ],
      [
        0.9514563106796116,
        0.009708737864077669,
        0.009708737864077669,
        0.009708737864077669,
        0.009708737864077669,
        0.009708737864077669
      ],
      [
        0.9514563106796116,
        0.009708737864077669,
        0.009708737864077669,
        0.009708737864077669,
        0.009708737864077669,
        0.009708737864077669
      ],
      [
        0.9514563106796116,
        0.009708737864077669,
        0.009708737864077669,
        0.009708737864077669,
        0.009708737864077669,
        0.009708737864077669
      ],
      [
        0.9514563106796116,
        0.009708737864077669,
        0.009708737864077669,
        0.009708737864077669,
        0.009708737864077669,
        0.009708737864077669
      ],
      [
        0.9514563106796116,
        0.009708737864077669,
        0.009708737864077669,
        0.009708737864077669,
        0.009708737864077669,
        0.009708737864077669
      ],
      [
        0.9514563106796116,
        0.009708737864077669,
        0.009708737864077669,
        0.009708737864077669,
        0.009708737864077669,
        0.009708737864077669
      ],
      [
        0.9514563106796116,
        0.009708737864077669,
        0.009708737864077669,
        0.009708737864077669,
        0.009708737864077669,
        0.009708737864077669
      ],
      [
        0.9514563106796116,
        0.009708737864077669,
        0.009708737864077669,
        0.009708737864077669,
        0.009708737864077669,
        0.009708737864077669
      ]
    ],
    [
      [
        0.9514563106796116,
        0.009708737864077669,
        0.009708737864077669,
        0.009708737864077669,
        0.009708737864077669,
        0.009708737864077669
      ],
      [
        0.9298245614035087,
        0.009746588693957114,
        0.009746588693957114,
        0.009746588693957114,
        0.031189083820662766,
        0.009746588693957114
      ],
      [
        0.06432748538011696,
        0.009746588693957114,
        0.009746588693957114,
        0.009746588693957114,
        0.8966861598440546,
        0.009746588693957114
      ],
      [
        0.9105058365758755,
        0.01750972762645914,
        0.009727626459143969,
        0.009727626459143969,
        0.04280155642023346,
        0.009727626459143969
      ],
      [
        0.9317738791423001,
        0.017543859649122806,
        0.009746588693957114,
        0.009746588693957114,
        0.021442495126705652,
        0.009746588693957114
      ],
      [
        0.9260700389105058,
        0.01750972762645914,
        0.009727626459143969,
        0.009727626459143969,
        0.027237354085603113,
        0.009727626459143969
      ],
      [
        0.07602339181286549,
        0.029239766081871343,
        0.009746588693957114,
        0.009746588693957114,
        0.8654970760233918,
        0.009746588693957114
      ],
      [
        0.9176470588235295,
        0.023529411764705882,
        0.00980392156862745,
        0.00980392156862745,
        0.029411764705882353,
        0.00980392156862745
      ],
      [
        0.9215686274509803,
        0.027450980392156862,
        0.00980392156862745,
        0.00980392156862745,
        0.021568627450980392,
        0.00980392156862745
      ],
      [
        0.9218749999999999,
        0.029296875,
        0.009765625,
        0.009765625,
        0.01953125,
        0.009765625
      ],
      [
        0.933463796477495,
        0.015655577299412915,
        0.009784735812133072,
        0.009784735812133072,
        0.021526418786692758,
        0.009784735812133072
      ],
      [
        0.9400386847195358,
        0.02127659574468085,
        0.009671179883945842,
        0.009671179883945842,
        0.009671179883945842,
        0.009671179883945842
      ],
      [
        0.9137254901960785,
        0.03137254901960784,
        0.00980392156862745,
        0.013725490196078431,
        0.021568627450980392,
        0.00980392156862745
      ],
      [
        0.915686274509804,
        0.03137254901960784,
        0.00980392156862745,
        0.00980392156862745,
        0.023529411764705882,
        0.00980392156862745
      ],
      [
        0.09430255402750491,
        0.03536345776031434,
        0.009823182711198428,
        0.015717092337917484,
        0.8349705304518664,
        0.009823182711198428
      ],
      [
        0.10392156862745097,
        0.045098039215686274,
        0.00980392156862745,
        0.011764705882352941,
        0.8196078431372549,
        0.00980392156862745
      ],
      [
        0.09589041095890412,
        0.04500978473581213,
        0.009784735812133072,
        0.009784735812133072,
        0.8297455968688845,
        0.009784735812133072
      ],
      [
        0.9098039215686274,
        0.043137254901960784,
        0.00980392156862745,
        0.00980392156862745,
        0.01764705882352941,
        0.00980392156862745
      ],
      [
        0.8960784313725491,
        0.050980392156862744,
        0.00980392156862745,
        0.01764705882352941,
        0.01568627450980392,
        0.00980392156862745
      ],
      [
        0.8899803536345776,
        0.049115913555992145,
        0.009823182711198428,
        0.015717092337917484,
        0.02554027504911591,
        0.009823182711198428
      ],
      [
        0.8647058823529412,
        0.06274509803921569,
        0.00980392156862745,
        0.011764705882352941,
        0.041176470588235294,
        0.00980392156862745
      ],
      [
        0.8767123287671232,
        0.048923679060665366,
        0.009784735812133072,
        0.009784735812133072,
        0.04500978473581213,
        0.009784735812133072
      ],
      [
        0.8830409356725146,
        0.07602339181286549,
        0.009746588693957114,
        0.011695906432748537,
        0.009746588693957114,
        0.009746588693957114
      ],
      [
        0.8557312252964426,
        0.05533596837944664,
        0.009881422924901186,
        0.021739130434782608,
        0.047430830039525695,
        0.009881422924901186
      ],
      [
        0.9017681728880157,
        0.029469548133595282,
        0.009823182711198428,
        0.011787819253438114,
        0.03732809430255402,
        0.009823182711198428
      ],
      [
        0.8590998043052838,
        0.05870841487279843,
        0.009784735812133072,
        0.009784735812133072,
        0.05283757338551859,
        0.009784735812133072
      ],
      [
        0.893491124260355,
        0.02564102564102564,
        0.009861932938856016,
        0.013806706114398421,
        0.047337278106508875,
        0.009861932938856016
      ],
      [
        0.15264187866927592,
        0.0273972602739726,
        0.009784735812133072,
        0.009784735812133072,
        0.7906066536203523,
        0.009784735812133072
      ],
      [
        0.9514563106796116,
        0.009708737864077669,
        0.009708737864077669,
        0.009708737864077669,
        0.009708737864077669,
        0.009708737864077669
      ],
      [
        0.18395303326810175,
        0.029354207436399216,
        0.009784735812133072,
        0.009784735812133072,
        0.7573385518590998,
        0.009784735812133072
      ],
      [
        0.903921568627451,
        0.023529411764705882,
        0.00980392156862745,
        0.00980392156862745,
        0.043137254901960784,
        0.00980392156862745
      ],
      [
        0.18235294117647058,
        0.0196078431372549,
        0.00980392156862745,
        0.00980392156862745,
        0.7686274509803922,
        0.00980392156862745
      ],
      [
        0.9514563106796116,
        0.009708737864077669,
        0.009708737864077669,
        0.009708737864077669,
        0.009708737864077669,
        0.009708737864077669
      ],
      [
        0.94015444015444,
        0.021235521235521235,
        0.009652509652509652,
        0.009652509652509652,
        0.009652509652509652,
        0.009652509652509652
      ],
      [
        0.949514563106796,
        0.011650485436893204,
        0.009708737864077669,
        0.009708737864077669,
        0.009708737864077669,
        0.009708737864077669
      ],
      [
        0.9479768786127167,
        0.01348747591522158,
        0.009633911368015413,
        0.009633911368015413,
        0.009633911368015413,
        0.009633911368015413
      ],
      [
        0.9521988527724665,
        0.009560229445506692,
        0.009560229445506692,
        0.009560229445506692,
        0.009560229445506692,
        0.009560229445506692
      ],
      [
        0.9517374517374517,
        0.009652509652509652,
        0.009652509652509652,
        0.009652509652509652,
        0.009652509652509652,
        0.009652509652509652
      ],
      [
        0.9522900763358778,
        0.009541984732824428,
        0.009541984732824428,
        0.009541984732824428,
        0.009541984732824428,
        0.009541984732824428
      ],
      [
        0.9514563106796116,
        0.009708737864077669,
        0.009708737864077669,
        0.009708737864077669,
        0.009708737864077669,
        0.009708737864077669
      ]
    ],
    [
      [
        0.9514563106796116,
        0.009708737864077669,
        0.009708737864077669,
        0.009708737864077669,
        0.009708737864077669,
        0.009708737864077669
      ],
      [
        0.935672514619883,
        0.009746588693957114,
        0.009746588693957114,
        0.009746588693957114,
        0.025341130604288498,
        0.009746588693957114
      ],
      [
        0.9337231968810915,
        0.023391812865497075,
        0.009746588693957114,
        0.009746588693957114,
        0.01364522417153996,
        0.009746588693957114
      ],
      [
        0.07045009784735812,
        0.03131115459882583,
        0.009784735812133072,
        0.009784735812133072,
        0.8688845401174168,
        0.009784735812133072
      ],
      [
        0.9158512720156556,
        0.03326810176125245,
        0.009784735812133072,
        0.009784735812133072,
        0.021526418786692758,
        0.009784735812133072
      ],
      [
        0.7058823529411764,
        0.03333333333333333,
        0.00980392156862745,
        0.00980392156862745,
        0.23137254901960783,
        0.00980392156862745
      ],
      [
        0.9067961165048544,
        0.040776699029126215,
        0.009708737864077669,
        0.009708737864077669,
        0.02330097087378641,
        0.009708737864077669
      ],
      [
        0.06640625,
        0.0390625,
        0.009765625,
        0.009765625,
        0.865234375,
        0.009765625
      ],
      [
        0.8962818003913895,
        0.03522504892367906,
        0.009784735812133072,
        0.009784735812133072,
        0.03913894324853229,
        0.009784735812133072
      ],
      [
        0.107421875,
        0.03515625,
        0.009765625,
        0.009765625,
        0.828125,
        0.009765625
      ],
      [
        0.095703125,
        0.0390625,
        0.009765625,
        0.009765625,
        0.8359375,
        0.009765625
      ],
      [
        0.03508771929824561,
        0.03508771929824561,
        0.009746588693957114,
        0.009746588693957114,
        0.9005847953216375,
        0.009746588693957114
      ],
      [
        0.8803921568627451,
        0.06274509803921569,
        0.00980392156862745,
        0.011764705882352941,
        0.025490196078431372,
        0.00980392156862745
      ],
      [
        0.8852140077821011,
        0.05836575875486381,
        0.009727626459143969,
        0.009727626459143969,
        0.027237354085603113,
        0.009727626459143969
      ],
      [
        0.08235294117647059,
        0.08627450980392157,
        0.00980392156862745,
        0.011764705882352941,
        0.7999999999999999,
        0.00980392156862745
      ],
      [
        0.8825831702544031,
        0.0547945205479452,
        0.009784735812133072,
        0.009784735812133072,
        0.03326810176125245,
        0.009784735812133072
      ],
      [
        0.8607843137254901,
        0.0784313725490196,
        0.00980392156862745,
        0.013725490196078431,
        0.027450980392156862,
        0.00980392156862745
      ],
      [
        0.8392156862745098,
        0.09411764705882353,
        0.00980392156862745,
        0.011764705882352941,
        0.03529411764705882,
        0.00980392156862745
      ],
      [
        0.12524461839530332,
        0.060665362035225046,
        0.009784735812133072,
        0.009784735812133072,
        0.7847358121330724,
        0.009784735812133072
      ],
      [
        0.8509803921568627,
        0.08823529411764705,
        0.00980392156862745,
        0.00980392156862745,
        0.03137254901960784,
        0.00980392156862745
      ],
      [
        0.22549019607843138,
        0.10196078431372549,
        0.00980392156862745,
        0.013725490196078431,
        0.6392156862745099,
        0.00980392156862745
      ],
      [
        0.7882352941176471,
        0.12352941176470589,
        0.00980392156862745,
        0.023529411764705882,
        0.045098039215686274,
        0.00980392156862745
      ],
      [
        0.8156862745098039,
        0.1196078431372549,
        0.00980392156862745,
        0.027450980392156862,
        0.01764705882352941,
        0.00980392156862745
      ],
      [
        0.7745098039215687,
        0.13529411764705884,
        0.00980392156862745,
        0.01568627450980392,
        0.054901960784313725,
        0.00980392156862745
      ],
      [
        0.2196078431372549,
        0.09019607843137255,
        0.00980392156862745,
        0.01568627450980392,
        0.6549019607843137,
        0.00980392156862745
      ],
      [
        0.5725490196078431,
        0.20784313725490194,
        0.00980392156862745,
        0.03333333333333333,
        0.16666666666666669,
        0.00980392156862745
      ],
      [
        0.7960784313725491,
        0.1196078431372549,
        0.00980392156862745,
        0.011764705882352941,
        0.052941176470588235,
        0.00980392156862745
      ],
      [
        0.8534653465346534,
        0.05742574257425743,
        0.015841584158415842,
        0.015841584158415842,
        0.047524752475247525,
        0.009900990099009901
      ],
      [
        0.21584158415841584,
        0.06534653465346535,
        0.027722772277227723,
        0.019801980198019802,
        0.6613861386138614,
        0.009900990099009901
      ],
      [
        0.9514563106796116,
        0.009708737864077669,
        0.009708737864077669,
        0.009708737864077669,
        0.009708737864077669,
        0.009708737864077669
      ],
      [
        0.8514851485148515,
        0.05148514851485148,
        0.013861386138613862,
        0.013861386138613862,
        0.0594059405940594,
        0.009900990099009901
      ],
      [
        0.8759842519685039,
        0.03346456692913386,
        0.00984251968503937,
        0.00984251968503937,
        0.06102362204724409,
        0.00984251968503937
      ],
      [
        0.9514563106796116,
        0.009708737864077669,
        0.009708737864077669,
        0.009708737864077669,
        0.009708737864077669,
        0.009708737864077669
      ],
      [
        0.9298245614035087,
        0.031189083820662766,
        0.009746588693957114,
        0.009746588693957114,
        0.009746588693957114,
        0.009746588693957114
      ],
      [
        0.9473684210526315,
        0.01364522417153996,
        0.009746588693957114,
        0.009746588693957114,
        0.009746588693957114,
        0.009746588693957114
      ],
      [
        0.9105058365758755,
        0.01556420233463035,
        0.009727626459143969,
        0.009727626459143969,
        0.04474708171206226,
        0.009727626459143969
      ],
      [
        0.9296874999999999,
        0.009765625,
        0.009765625,
        0.013671875,
        0.02734375,
        0.009765625
      ],
      [
        0.9337231968810915,
        0.01364522417153996,
        0.009746588693957114,
        0.009746588693957114,
        0.023391812865497075,
        0.009746588693957114
      ],
      [
        0.9521072796934865,
        0.009578544061302681,
        0.009578544061302681,
        0.009578544061302681,
        0.009578544061302681,
        0.009578544061302681
      ],
      [
        0.9514563106796116,
        0.009708737864077669,
        0.009708737864077669,
        0.009708737864077669,
        0.009708737864077669,
        0.009708737864077669
      ]
    ],
    [
      [
        0.9514563106796116,
        0.009708737864077669,
        0.009708737864077669,
        0.009708737864077669,
        0.009708737864077669,
        0.009708737864077669
      ],
      [
        0.12720156555772993,
        0.019569471624266144,
        0.009784735812133072,
        0.009784735812133072,
        0.8238747553816047,
        0.009784735812133072
      ],
      [
        0.8921568627450981,
        0.041176470588235294,
        0.00980392156862745,
        0.00980392156862745,
        0.03725490196078431,
        0.00980392156862745
      ],
      [
        0.12941176470588237,
        0.03529411764705882,
        0.00980392156862745,
        0.011764705882352941,
        0.8039215686274509,
        0.00980392156862745
      ],
      [
        0.8686274509803922,
        0.050980392156862744,
        0.00980392156862745,
        0.01568627450980392,
        0.045098039215686274,
        0.00980392156862745
      ],
      [
        0.11568627450980391,
        0.041176470588235294,
        0.00980392156862745,
        0.00980392156862745,
        0.8137254901960784,
        0.00980392156862745
      ],
      [
        0.8764705882352941,
        0.054901960784313725,
        0.00980392156862745,
        0.013725490196078431,
        0.03529411764705882,
        0.00980392156862745
      ],
      [
        0.12352941176470589,
        0.060784313725490195,
        0.00980392156862745,
        0.011764705882352941,
        0.7843137254901961,
        0.00980392156862745
      ],
      [
        0.903921568627451,
        0.0392156862745098,
        0.00980392156862745,
        0.00980392156862745,
        0.027450980392156862,
        0.00980392156862745
      ],
      [
        0.8962818003913895,
        0.050880626223091974,
        0.009784735812133072,
        0.009784735812133072,
        0.023483365949119372,
        0.009784735812133072
      ],
      [
        0.9001956947162427,
        0.046966731898238745,
        0.009784735812133072,
        0.009784735812133072,
        0.023483365949119372,
        0.009784735812133072
      ],
      [
        0.041015625,
        0.033203125,
        0.009765625,
        0.009765625,
        0.896484375,
        0.009765625
      ],
      [
        0.77025,
        0.08375,
        0.03125,
        0.03725,
        0.04625,
        0.03125
      ],
      [
        0.10025,
        0.07025,
        0.03125,
        0.03725,
        0.72975,
        0.03125
      ],
      [
        0.70925,
        0.12825,
        0.03125,
        0.04025,
        0.05975,
        0.03125
      ],
      [
        0.09725,
        0.15525,
        0.03125,
        0.03125,
        0.6537499999999999,
        0.03125
      ],
      [
        0.77175,
        0.07775,
        0.03125,
        0.03875,
        0.04925,
        0.03125
      ],
      [
        0.73725,
        0.10475000000000001,
        0.03125,
        0.04325,
        0.052250000000000005,
        0.03125
      ],
      [
        0.13325,
        0.08975,
        0.03125,
        0.04775,
        0.66675,
        0.03125
      ],
      [
        0.7582500000000001,
        0.08975000000000001,
        0.03125000000000001,
        0.03875000000000001,
        0.05075000000000001,
        0.03125000000000001
      ],
      [
        0.64475,
        0.18825000000000003,
        0.03125000000000001,
        0.03875000000000001,
        0.06575000000000002,
        0.03125000000000001
      ],
      [
        0.66075,
        0.14225,
        0.03125,
        0.04925,
        0.08524999999999999,
        0.03125
      ],
      [
        0.63875,
        0.12425,
        0.03125,
        0.04625,
        0.12825,
        0.03125
      ],
      [
        0.7222500000000001,
        0.09575000000000002,
        0.03125000000000001,
        0.04175000000000001,
        0.07775000000000001,
        0.03125000000000001
      ],
      [
        0.6997500000000001,
        0.11225,
        0.03125,
        0.04325,
        0.08225,
        0.03125
      ],
      [
        0.19925,
        0.18225,
        0.03125,
        0.04025,
        0.51575,
        0.03125
      ],
      [
        0.17225000000000001,
        0.12575,
        0.03125,
        0.03875,
        0.60075,
        0.03125
      ],
      [
        0.7862745098039216,
        0.12941176470588237,
        0.00980392156862745,
        0.023529411764705882,
        0.041176470588235294,
        0.00980392156862745
      ],
      [
        0.1900990099009901,
        0.06732673267326733,
        0.009900990099009901,
        0.011881188118811881,
        0.7108910891089109,
        0.009900990099009901
      ],
      [
        0.2079207920792079,
        0.06336633663366337,
        0.009900990099009901,
        0.02178217821782178,
        0.6871287128712871,
        0.009900990099009901
      ],
      [
        0.9514563106796116,
        0.009708737864077669,
        0.009708737864077669,
        0.009708737864077669,
        0.009708737864077669,
        0.009708737864077669
      ],
      [
        0.9179687499999999,
        0.029296875,
        0.009765625,
        0.0234375,
        0.009765625,
        0.009765625
      ],
      [
        0.9514563106796116,
        0.009708737864077669,
        0.009708737864077669,
        0.009708737864077669,
        0.009708737864077669,
        0.009708737864077669
      ],
      [
        0.9171597633136095,
        0.009861932938856016,
        0.009861932938856016,
        0.009861932938856016,
        0.04339250493096647,
        0.009861932938856016
      ],
      [
        0.9044834307992203,
        0.031189083820662766,
        0.009746588693957114,
        0.009746588693957114,
        0.03508771929824561,
        0.009746588693957114
      ],
      [
        0.912109375,
        0.029296875,
        0.009765625,
        0.009765625,
        0.029296875,
        0.009765625
      ],
      [
        0.12085769980506822,
        0.017543859649122806,
        0.009746588693957114,
        0.009746588693957114,
        0.8323586744639376,
        0.009746588693957114
      ],
      [
        0.923679060665362,
        0.011741682974559686,
        0.009784735812133072,
        0.009784735812133072,
        0.03522504892367906,
        0.009784735812133072
      ],
      [
        0.9239766081871345,
        0.009746588693957114,
        0.009746588693957114,
        0.009746588693957114,
        0.037037037037037035,
        0.009746588693957114
      ],
      [
        0.9514563106796116,
        0.009708737864077669,
        0.009708737864077669,
        0.009708737864077669,
        0.009708737864077669,
        0.009708737864077669
      ]
    ],
    [
      [
        0.9514563106796116,
        0.009708737864077669,
        0.009708737864077669,
        0.009708737864077669,
        0.009708737864077669,
        0.009708737864077669
      ],
      [
        0.14313725490196078,
        0.021568627450980392,
        0.00980392156862745,
        0.011764705882352941,
        0.8039215686274509,
        0.00980392156862745
      ],
      [
        0.8813229571984436,
        0.05058365758754863,
        0.009727626459143969,
        0.009727626459143969,
        0.038910505836575876,
        0.009727626459143969
      ],
      [
        0.12156862745098039,
        0.056862745098039215,
        0.00980392156862745,
        0.011764705882352941,
        0.7901960784313726,
        0.00980392156862745
      ],
      [
        0.8771929824561403,
        0.05458089668615984,
        0.009746588693957114,
        0.009746588693957114,
        0.03898635477582846,
        0.009746588693957114
      ],
      [
        0.8671875,
        0.05859375,
        0.009765625,
        0.009765625,
        0.044921875,
        0.009765625
      ],
      [
        0.1442495126705653,
        0.06822612085769982,
        0.009746588693957114,
        0.009746588693957114,
        0.7582846003898636,
        0.009746588693957114
      ],
      [
        0.009708737864077669,
        0.009708737864077669,
        0.009708737864077669,
        0.009708737864077669,
        0.009708737864077669,
        0.9514563106796116
      ],
      [
        0.10588235294117647,
        0.03529411764705882,
        0.00980392156862745,
        0.011764705882352941,
        0.8274509803921568,
        0.00980392156862745
      ],
      [
        0.009708737864077669,
        0.009708737864077669,
        0.009708737864077669,
        0.009708737864077669,
        0.009708737864077669,
        0.9514563106796116
      ],
      [
        0.103515625,
        0.029296875,
        0.009765625,
        0.009765625,
        0.837890625,
        0.009765625
      ],
      [
        0.9244186046511628,
        0.036821705426356585,
        0.009689922480620155,
        0.009689922480620155,
        0.009689922480620155,
        0.009689922480620155
      ],
      [
        0.75975,
        0.08075,
        0.03125,
        0.03725,
        0.05975,
        0.03125
      ],
      [
        0.76725,
        0.08225,
        0.03125,
        0.03875,
        0.04925,
        0.03125
      ],
      [
        0.7492500000000001,
        0.09275000000000001,
        0.03125000000000001,
        0.04175000000000001,
        0.053750000000000006,
        0.03125000000000001
      ],
      [
        0.10775,
        0.08375,
        0.03125,
        0.05075,
        0.69525,
        0.03125
      ],
      [
        0.6852500000000001,
        0.08525,
        0.03125000000000001,
        0.04775000000000001,
        0.11925000000000001,
        0.03125000000000001
      ],
      [
        0.7447500000000001,
        0.09425000000000001,
        0.03125000000000001,
        0.044750000000000005,
        0.053750000000000006,
        0.03125000000000001
      ],
      [
        0.73125,
        0.11075,
        0.03125,
        0.035750000000000004,
        0.05975,
        0.03125
      ],
      [
        0.76275,
        0.08375,
        0.03125,
        0.04175,
        0.04925,
        0.03125
      ],
      [
        0.7117500000000001,
        0.10325000000000002,
        0.03125000000000001,
        0.044750000000000005,
        0.07775000000000001,
        0.03125000000000001
      ],
      [
        0.27825,
        0.12425,
        0.03125,
        0.04475,
        0.49024999999999996,
        0.03125
      ],
      [
        0.23675000000000002,
        0.19425,
        0.03125,
        0.03725,
        0.46924999999999994,
        0.03125
      ],
      [
        0.71475,
        0.10175000000000001,
        0.03125,
        0.04025,
        0.08075,
        0.03125
      ],
      [
        0.21725,
        0.18675,
        0.03125,
        0.04775,
        0.48575,
        0.03125
      ],
      [
        0.19775,
        0.10025,
        0.03125,
        0.05075,
        0.58875,
        0.03125
      ],
      [
        0.7162499999999999,
        0.10625000000000001,
        0.03125,
        0.03875,
        0.07625,
        0.03125
      ],
      [
        0.8137254901960784,
        0.09411764705882353,
        0.00980392156862745,
        0.01764705882352941,
        0.054901960784313725,
        0.00980392156862745
      ],
      [
        0.17450980392156862,
        0.11372549019607843,
        0.00980392156862745,
        0.01764705882352941,
        0.6745098039215686,
        0.00980392156862745
      ],
      [
        0.1600790513833992,
        0.06719367588932806,
        0.017786561264822132,
        0.009881422924901186,
        0.7351778656126482,
        0.009881422924901186
      ],
      [
        0.9514563106796116,
        0.009708737864077669,
        0.009708737864077669,
        0.009708737864077669,
        0.009708737864077669,
        0.009708737864077669
      ],
      [
        0.9514563106796116,
        0.009708737864077669,
        0.009708737864077669,
        0.009708737864077669,
        0.009708737864077669,
        0.009708737864077669
      ],
      [
        0.9514563106796116,
        0.009708737864077669,
        0.009708737864077669,
        0.009708737864077669,
        0.009708737864077669,
        0.009708737864077669
      ],
      [
        0.14257425742574256,
        0.011881188118811881,
        0.011881188118811881,
        0.009900990099009901,
        0.8138613861386138,
        0.009900990099009901
      ],
      [
        0.1245136186770428,
        0.033073929961089495,
        0.009727626459143969,
        0.009727626459143969,
        0.8132295719844358,
        0.009727626459143969
      ],
      [
        0.9217221135029353,
        0.019569471624266144,
        0.009784735812133072,
        0.009784735812133072,
        0.029354207436399216,
        0.009784735812133072
      ],
      [
        0.11456310679611649,
        0.034951456310679606,
        0.009708737864077669,
        0.009708737864077669,
        0.8213592233009708,
        0.009708737864077669
      ],
      [
        0.14007782101167313,
        0.019455252918287938,
        0.009727626459143969,
        0.009727626459143969,
        0.8112840466926069,
        0.009727626459143969
      ],
      [
        0.9163424124513618,
        0.011673151750972763,
        0.009727626459143969,
        0.009727626459143969,
        0.04280155642023346,
        0.009727626459143969
      ],
      [
        0.9514563106796116,
        0.009708737864077669,
        0.009708737864077669,
        0.009708737864077669,
        0.009708737864077669,
        0.009708737864077669
      ]
    ],
    [
      [
        0.9514563106796116,
        0.009708737864077669,
        0.009708737864077669,
        0.009708737864077669,
        0.009708737864077669,
        0.009708737864077669
      ],
      [
        0.8921568627450981,
        0.03529411764705882,
        0.00980392156862745,
        0.00980392156862745,
        0.043137254901960784,
        0.00980392156862745
      ],
      [
        0.8666666666666667,
        0.060784313725490195,
        0.00980392156862745,
        0.00980392156862745,
        0.043137254901960784,
        0.00980392156862745
      ],
      [
        0.8823529411764706,
        0.041176470588235294,
        0.00980392156862745,
        0.00980392156862745,
        0.047058823529411764,
        0.00980392156862745
      ],
      [
        0.8470588235294118,
        0.06470588235294118,
        0.00980392156862745,
        0.01568627450980392,
        0.052941176470588235,
        0.00980392156862745
      ],
      [
        0.8745098039215686,
        0.058823529411764705,
        0.00980392156862745,
        0.00980392156862745,
        0.03725490196078431,
        0.00980392156862745
      ],
      [
        0.8450980392156863,
        0.07058823529411765,
        0.00980392156862745,
        0.013725490196078431,
        0.050980392156862744,
        0.00980392156862745
      ],
      [
        0.1330724070450098,
        0.08219178082191782,
        0.009784735812133072,
        0.009784735812133072,
        0.7553816046966731,
        0.009784735812133072
      ],
      [
        0.8764705882352941,
        0.047058823529411764,
        0.00980392156862745,
        0.01568627450980392,
        0.041176470588235294,
        0.00980392156862745
      ],
      [
        0.009708737864077669,
        0.009708737864077669,
        0.009708737864077669,
        0.009708737864077669,
        0.009708737864077669,
        0.9514563106796116
      ],
      [
        0.009708737864077669,
        0.009708737864077669,
        0.009708737864077669,
        0.009708737864077669,
        0.009708737864077669,
        0.9514563106796116
      ],
      [
        0.9007782101167315,
        0.04280155642023346,
        0.009727626459143969,
        0.009727626459143969,
        0.027237354085603113,
        0.009727626459143969
      ],
      [
        0.76725,
        0.08225,
        0.03125,
        0.04175,
        0.04625,
        0.03125
      ],
      [
        0.6837500000000001,
        0.14775000000000002,
        0.03125000000000001,
        0.03425000000000001,
        0.07175000000000002,
        0.03125000000000001
      ],
      [
        0.66725,
        0.17925000000000002,
        0.03125,
        0.035750000000000004,
        0.05525,
        0.03125
      ],
      [
        0.75375,
        0.08075,
        0.03125,
        0.035750000000000004,
        0.06725,
        0.03125
      ],
      [
        0.7417500000000001,
        0.10325000000000002,
        0.03125000000000001,
        0.04175000000000001,
        0.05075000000000001,
        0.03125000000000001
      ],
      [
        0.15125,
        0.09875,
        0.03125,
        0.03875,
        0.6487499999999999,
        0.03125
      ],
      [
        0.68525,
        0.15375,
        0.03125,
        0.04325,
        0.05525,
        0.03125
      ],
      [
        0.75975,
        0.08975,
        0.03125,
        0.04775,
        0.04025,
        0.03125
      ],
      [
        0.70275,
        0.12575,
        0.03125,
