{
  "prediction": [
    [
      [
        0.9514563106796116,
        0.009708737864077669,
        0.009708737864077669,
        0.009708737864077669,
        0.009708737864077669,
        0.009708737864077669
      ],
      [
        0.9514563106796116,
        0.009708737864077669,
        0.009708737864077669,
        0.009708737864077669,
        0.009708737864077669,
        0.009708737864077669
      ],
      [
        0.9514563106796116,
        0.009708737864077669,
        0.009708737864077669,
        0.009708737864077669,
        0.009708737864077669,
        0.009708737864077669
      ],
      [
        0.9514563106796116,
        0.009708737864077669,
        0.009708737864077669,
        0.009708737864077669,
        0.009708737864077669,
        0.009708737864077669
      ],
      [
        0.9514563106796116,
        0.009708737864077669,
        0.009708737864077669,
        0.009708737864077669,
        0.009708737864077669,
        0.009708737864077669
      ],
      [
        0.9514563106796116,
        0.009708737864077669,
        0.009708737864077669,
        0.009708737864077669,
        0.009708737864077669,
        0.009708737864077669
      ],
      [
        0.9514563106796116,
        0.009708737864077669,
        0.009708737864077669,
        0.009708737864077669,
        0.009708737864077669,
        0.009708737864077669
      ],
      [
        0.9514563106796116,
        0.009708737864077669,
        0.009708737864077669,
        0.009708737864077669,
        0.009708737864077669,
        0.009708737864077669
      ],
      [
        0.9514563106796116,
        0.009708737864077669,
        0.009708737864077669,
        0.009708737864077669,
        0.009708737864077669,
        0.009708737864077669
      ],
      [
        0.9514563106796116,
        0.009708737864077669,
        0.009708737864077669,
        0.009708737864077669,
        0.009708737864077669,
        0.009708737864077669
      ],
      [
        0.9514563106796116,
        0.009708737864077669,
        0.009708737864077669,
        0.009708737864077669,
        0.009708737864077669,
        0.009708737864077669
      ],
      [
        0.9514563106796116,
        0.009708737864077669,
        0.009708737864077669,
        0.009708737864077669,
        0.009708737864077669,
        0.009708737864077669
      ],
      [
        0.9514563106796116,
        0.009708737864077669,
        0.009708737864077669,
        0.009708737864077669,
        0.009708737864077669,
        0.009708737864077669
      ],
      [
        0.9514563106796116,
        0.009708737864077669,
        0.009708737864077669,
        0.009708737864077669,
        0.009708737864077669,
        0.009708737864077669
      ],
      [
        0.9514563106796116,
        0.009708737864077669,
        0.009708737864077669,
        0.009708737864077669,
        0.009708737864077669,
        0.009708737864077669
      ],
      [
        0.9514563106796116,
        0.009708737864077669,
        0.009708737864077669,
        0.009708737864077669,
        0.009708737864077669,
        0.009708737864077669
      ],
      [
        0.9514563106796116,
        0.009708737864077669,
        0.009708737864077669,
        0.009708737864077669,
        0.009708737864077669,
        0.009708737864077669
      ],
      [
        0.9514563106796116,
        0.009708737864077669,
        0.009708737864077669,
        0.009708737864077669,
        0.009708737864077669,
        0.009708737864077669
      ],
      [
        0.9514563106796116,
        0.009708737864077669,
        0.009708737864077669,
        0.009708737864077669,
        0.009708737864077669,
        0.009708737864077669
      ],
      [
        0.9514563106796116,
        0.009708737864077669,
        0.009708737864077669,
        0.009708737864077669,
        0.009708737864077669,
        0.009708737864077669
      ],
      [
        0.9514563106796116,
        0.009708737864077669,
        0.009708737864077669,
        0.009708737864077669,
        0.009708737864077669,
        0.009708737864077669
      ],
      [
        0.9514563106796116,
        0.009708737864077669,
        0.009708737864077669,
        0.009708737864077669,
        0.009708737864077669,
        0.009708737864077669
      ],
      [
        0.9514563106796116,
        0.009708737864077669,
        0.009708737864077669,
        0.009708737864077669,
        0.009708737864077669,
        0.009708737864077669
      ],
      [
        0.9514563106796116,
        0.009708737864077669,
        0.009708737864077669,
        0.009708737864077669,
        0.009708737864077669,
        0.009708737864077669
      ],
      [
        0.9514563106796116,
        0.009708737864077669,
        0.009708737864077669,
        0.009708737864077669,
        0.009708737864077669,
        0.009708737864077669
      ],
      [
        0.9514563106796116,
        0.009708737864077669,
        0.009708737864077669,
        0.009708737864077669,
        0.009708737864077669,
        0.009708737864077669
      ],
      [
        0.9514563106796116,
        0.009708737864077669,
        0.009708737864077669,
        0.009708737864077669,
        0.009708737864077669,
        0.009708737864077669
      ],
      [
        0.9514563106796116,
        0.009708737864077669,
        0.009708737864077669,
        0.009708737864077669,
        0.009708737864077669,
        0.009708737864077669
      ],
      [
        0.9514563106796116,
        0.009708737864077669,
        0.009708737864077669,
        0.009708737864077669,
        0.009708737864077669,
        0.009708737864077669
      ],
      [
        0.9514563106796116,
        0.009708737864077669,
        0.009708737864077669,
        0.009708737864077669,
        0.009708737864077669,
        0.009708737864077669
      ],
      [
        0.9514563106796116,
        0.009708737864077669,
        0.009708737864077669,
        0.009708737864077669,
        0.009708737864077669,
        0.009708737864077669
      ],
      [
        0.9514563106796116,
        0.009708737864077669,
        0.009708737864077669,
        0.009708737864077669,
        0.009708737864077669,
        0.009708737864077669
      ],
      [
        0.9514563106796116,
        0.009708737864077669,
        0.009708737864077669,
        0.009708737864077669,
        0.009708737864077669,
        0.009708737864077669
      ],
      [
        0.9514563106796116,
        0.009708737864077669,
        0.009708737864077669,
        0.009708737864077669,
        0.009708737864077669,
        0.009708737864077669
      ],
      [
        0.9514563106796116,
        0.009708737864077669,
        0.009708737864077669,
        0.009708737864077669,
        0.009708737864077669,
        0.009708737864077669
      ],
      [
        0.9514563106796116,
        0.009708737864077669,
        0.009708737864077669,
        0.009708737864077669,
        0.009708737864077669,
        0.009708737864077669
      ],
      [
        0.9514563106796116,
        0.009708737864077669,
        0.009708737864077669,
        0.009708737864077669,
        0.009708737864077669,
        0.009708737864077669
      ],
      [
        0.9514563106796116,
        0.009708737864077669,
        0.009708737864077669,
        0.009708737864077669,
        0.009708737864077669,
        0.009708737864077669
      ],
      [
        0.9514563106796116,
        0.009708737864077669,
        0.009708737864077669,
        0.009708737864077669,
        0.009708737864077669,
        0.009708737864077669
      ],
      [
        0.9514563106796116,
        0.009708737864077669,
        0.009708737864077669,
        0.009708737864077669,
        0.009708737864077669,
        0.009708737864077669
      ]
    ],
    [
      [
        0.9514563106796116,
        0.009708737864077669,
        0.009708737864077669,
        0.009708737864077669,
        0.009708737864077669,
        0.009708737864077669
      ],
      [
        0.8221343873517786,
        0.02569169960474308,
        0.009881422924901186,
        0.01383399209486166,
        0.11857707509881422,
        0.009881422924901186
      ],
      [
        0.08118811881188119,
        0.023762376237623763,
        0.023762376237623763,
        0.015841584158415842,
        0.8455445544554455,
        0.009900990099009901
      ],
      [
        0.7544554455445545,
        0.03564356435643564,
        0.07128712871287128,
        0.02574257425742574,
        0.10297029702970296,
        0.009900990099009901
      ],
      [
        0.7643564356435641,
        0.037623762376237616,
        0.06138613861386137,
        0.021782178217821777,
        0.10495049504950492,
        0.0099009900990099
      ],
      [
        0.7584158415841584,
        0.023762376237623763,
        0.12277227722772277,
        0.011881188118811881,
        0.07326732673267326,
        0.009900990099009901
      ],
      [
        0.009727626459143969,
        0.009727626459143969,
        0.009727626459143969,
        0.009727626459143969,
        0.9513618677042801,
        0.009727626459143969
      ],
      [
        0.9521988527724665,
        0.009560229445506692,
        0.009560229445506692,
        0.009560229445506692,
        0.009560229445506692,
        0.009560229445506692
      ],
      [
        0.9518304431599229,
        0.009633911368015413,
        0.009633911368015413,
        0.009633911368015413,
        0.009633911368015413,
        0.009633911368015413
      ],
      [
        0.015717092337917484,
        0.009823182711198428,
        0.05697445972495089,
        0.009823182711198428,
        0.8978388998035364,
        0.009823182711198428
      ],
      [
        0.888888888888889,
        0.009746588693957114,
        0.06042884990253411,
        0.009746588693957114,
        0.021442495126705652,
        0.009746588693957114
      ],
      [
        0.8869395711500975,
        0.009746588693957114,
        0.050682261208576995,
        0.009746588693957114,
        0.033138401559454196,
        0.009746588693957114
      ],
      [
        0.025390625,
        0.009765625,
        0.041015625,
        0.009765625,
        0.904296875,
        0.009765625
      ],
      [
        0.9124513618677043,
        0.009727626459143969,
        0.038910505836575876,
        0.009727626459143969,
        0.019455252918287938,
        0.009727626459143969
      ],
      [
        0.9103313840155945,
        0.009746588693957114,
        0.042884990253411304,
        0.009746588693957114,
        0.017543859649122806,
        0.009746588693957114
      ],
      [
        0.14455445544554454,
        0.02574257425742574,
        0.055445544554455446,
        0.04554455445544554,
        0.7188118811881188,
        0.009900990099009901
      ],
      [
        0.9514563106796116,
        0.009708737864077669,
        0.009708737864077669,
        0.009708737864077669,
        0.009708737864077669,
        0.009708737864077669
      ],
      [
        0.8079207920792079,
        0.019801980198019802,
        0.02574257425742574,
        0.015841584158415842,
        0.12079207920792079,
        0.009900990099009901
      ],
      [
        0.7999999999999998,
        0.029702970297029695,
        0.037623762376237616,
        0.0198019801980198,
        0.10297029702970294,
        0.0099009900990099
      ],
      [
        0.7881188118811879,
        0.037623762376237616,
        0.025742574257425734,
        0.027722772277227716,
        0.11089108910891086,
        0.0099009900990099
      ],
      [
        0.8059405940594059,
        0.031683168316831684,
        0.05742574257425743,
        0.019801980198019802,
        0.07524752475247524,
        0.009900990099009901
      ],
      [
        0.04356435643564356,
        0.03564356435643564,
        0.047524752475247525,
        0.011881188118811881,
        0.8514851485148515,
        0.009900990099009901
      ],
      [
        0.9519230769230769,
        0.009615384615384616,
        0.009615384615384616,
        0.009615384615384616,
        0.009615384615384616,
        0.009615384615384616
      ],
      [
        0.8633663366336634,
        0.06732673267326733,
        0.01782178217821782,
        0.031683168316831684,
        0.009900990099009901,
        0.009900990099009901
      ],
      [
        0.9151873767258383,
        0.03550295857988165,
        0.009861932938856016,
        0.015779092702169626,
        0.013806706114398421,
        0.009861932938856016
      ],
      [
        0.9110671936758894,
        0.029644268774703556,
        0.01383399209486166,
        0.02569169960474308,
        0.009881422924901186,
        0.009881422924901186
      ],
      [
        0.9035433070866142,
        0.0374015748031496,
        0.00984251968503937,
        0.02952755905511811,
        0.00984251968503937,
        0.00984251968503937
      ],
      [
        0.924901185770751,
        0.017786561264822132,
        0.011857707509881424,
        0.02569169960474308,
        0.009881422924901186,
        0.009881422924901186
      ],
      [
        0.897029702970297,
        0.0297029702970297,
        0.033663366336633666,
        0.011881188118811881,
        0.01782178217821782,
        0.009900990099009901
      ],
      [
        0.7485148514851485,
        0.0297029702970297,
        0.09504950495049505,
        0.013861386138613862,
        0.10297029702970296,
        0.009900990099009901
      ],
      [
        0.04356435643564356,
        0.01782178217821782,
        0.01782178217821782,
        0.009900990099009901,
        0.900990099009901,
        0.009900990099009901
      ],
      [
        0.9514563106796116,
        0.009708737864077669,
        0.009708737864077669,
        0.009708737864077669,
        0.009708737864077669,
        0.009708737864077669
      ],
      [
        0.7504950495049505,
        0.015841584158415842,
        0.041584158415841586,
        0.01782178217821782,
        0.16435643564356436,
        0.009900990099009901
      ],
      [
        0.7999999999999998,
        0.017821782178217817,
        0.05940594059405939,
        0.01584158415841584,
        0.097029702970297,
        0.0099009900990099
      ],
      [
        0.7826086956521737,
        0.015810276679841893,
        0.04743083003952568,
        0.009881422924901184,
        0.1343873517786561,
        0.009881422924901184
      ],
      [
        0.13861386138613863,
        0.013861386138613862,
        0.06336633663366337,
        0.03564356435643564,
        0.7386138613861386,
        0.009900990099009901
      ],
      [
        0.8520710059171598,
        0.009861932938856016,
        0.03550295857988165,
        0.009861932938856016,
        0.08284023668639054,
        0.009861932938856016
      ],
      [
        0.8594059405940594,
        0.02178217821782178,
        0.015841584158415842,
        0.01782178217821782,
        0.07524752475247524,
        0.009900990099009901
      ],
      [
        0.12598425196850394,
        0.00984251968503937,
        0.00984251968503937,
        0.03543307086614173,
        0.8090551181102361,
        0.00984251968503937
      ],
      [
        0.9514563106796116,
        0.009708737864077669,
        0.009708737864077669,
        0.009708737864077669,
        0.009708737864077669,
        0.009708737864077669
      ]
    ],
    [
      [
        0.9514563106796116,
        0.009708737864077669,
        0.009708737864077669,
        0.009708737864077669,
        0.009708737864077669,
        0.009708737864077669
      ],
      [
        0.786138613861386,
        0.023762376237623756,
        0.04950495049504949,
        0.017821782178217817,
        0.11287128712871285,
        0.0099009900990099
      ],
      [
        0.021568627450980392,
        0.8274509803921568,
        0.00980392156862745,
        0.08431372549019607,
        0.047058823529411764,
        0.00980392156862745
      ],
      [
        0.0392156862745098,
        0.12549019607843137,
        0.00980392156862745,
        0.01764705882352941,
        0.7980392156862745,
        0.00980392156862745
      ],
      [
        0.058823529411764705,
        0.13333333333333333,
        0.00980392156862745,
        0.0196078431372549,
        0.7686274509803922,
        0.00980392156862745
      ],
      [
        0.7431372549019608,
        0.15098039215686274,
        0.00980392156862745,
        0.013725490196078431,
        0.07254901960784313,
        0.00980392156862745
      ],
      [
        0.009652509652509652,
        0.015444015444015444,
        0.009652509652509652,
        0.009652509652509652,
        0.9459459459459459,
        0.009652509652509652
      ],
      [
        0.009615384615384616,
        0.009615384615384616,
        0.009615384615384616,
        0.009615384615384616,
        0.9519230769230769,
        0.009615384615384616
      ],
      [
        0.9517374517374517,
        0.009652509652509652,
        0.009652509652509652,
        0.009652509652509652,
        0.009652509652509652,
        0.009652509652509652
      ],
      [
        0.8869395711500975,
        0.05263157894736842,
        0.009746588693957114,
        0.009746588693957114,
        0.031189083820662766,
        0.009746588693957114
      ],
      [
        0.011741682974559686,
        0.0273972602739726,
        0.009784735812133072,
        0.009784735812133072,
        0.9315068493150684,
        0.009784735812133072
      ],
      [
        0.9,
        0.041176470588235294,
        0.00980392156862745,
        0.00980392156862745,
        0.029411764705882353,
        0.00980392156862745
      ],
      [
        0.8862745098039215,
        0.049019607843137254,
        0.00980392156862745,
        0.011764705882352941,
        0.03333333333333333,
        0.00980392156862745
      ],
      [
        0.8854368932038835,
        0.009708737864077669,
        0.06407766990291262,
        0.009708737864077669,
        0.021359223300970873,
        0.009708737864077669
      ],
      [
        0.9066147859922179,
        0.009727626459143969,
        0.05058365758754863,
        0.009727626459143969,
        0.013618677042801557,
        0.009727626459143969
      ],
      [
        0.9514563106796116,
        0.009708737864077669,
        0.009708737864077669,
        0.009708737864077669,
        0.009708737864077669,
        0.009708737864077669
      ],
      [
        0.8172888015717091,
        0.009823182711198428,
        0.0825147347740668,
        0.009823182711198428,
        0.07072691552062868,
        0.009823182711198428
      ],
      [
        0.061386138613861385,
        0.015841584158415842,
        0.03564356435643564,
        0.009900990099009901,
        0.8673267326732673,
        0.009900990099009901
      ],
      [
        0.03333333333333333,
        0.8509803921568627,
        0.00980392156862745,
        0.06274509803921569,
        0.03333333333333333,
        0.00980392156862745
      ],
      [
        0.7450980392156863,
        0.13529411764705884,
        0.00980392156862745,
        0.027450980392156862,
        0.07254901960784313,
        0.00980392156862745
      ],
      [
        0.01764705882352941,
        0.13137254901960785,
        0.00980392156862745,
        0.011764705882352941,
        0.8196078431372549,
        0.00980392156862745
      ],
      [
        0.01761252446183953,
        0.1506849315068493,
        0.009784735812133072,
        0.009784735812133072,
        0.8023483365949119,
        0.009784735812133072
      ],
      [
        0.9521072796934865,
        0.009578544061302681,
        0.009578544061302681,
        0.009578544061302681,
        0.009578544061302681,
        0.009578544061302681
      ],
      [
        0.8254901960784313,
        0.09411764705882353,
        0.00980392156862745,
        0.013725490196078431,
        0.047058823529411764,
        0.00980392156862745
      ],
      [
        0.8058823529411764,
        0.10588235294117647,
        0.00980392156862745,
        0.013725490196078431,
        0.054901960784313725,
        0.00980392156862745
      ],
      [
        0.8058823529411764,
        0.0784313725490196,
        0.00980392156862745,
        0.013725490196078431,
        0.08235294117647059,
        0.00980392156862745
      ],
      [
        0.029411764705882353,
        0.8058823529411764,
        0.00980392156862745,
        0.09803921568627451,
        0.047058823529411764,
        0.00980392156862745
      ],
      [
        0.8392156862745098,
        0.056862745098039215,
        0.00980392156862745,
        0.01764705882352941,
        0.06666666666666667,
        0.00980392156862745
      ],
      [
        0.8666666666666667,
        0.07450980392156863,
        0.00980392156862745,
        0.013725490196078431,
        0.025490196078431372,
        0.00980392156862745
      ],
      [
        0.7098039215686274,
        0.16862745098039214,
        0.00980392156862745,
        0.013725490196078431,
        0.08823529411764705,
        0.00980392156862745
      ],
      [
        0.0275049115913556,
        0.009823182711198428,
        0.019646365422396856,
        0.009823182711198428,
        0.9233791748526522,
        0.009823182711198428
      ],
      [
        0.9514563106796116,
        0.009708737864077669,
        0.009708737864077669,
        0.009708737864077669,
        0.009708737864077669,
        0.009708737864077669
      ],
      [
        0.07128712871287128,
        0.027722772277227723,
        0.06732673267326733,
        0.019801980198019802,
        0.803960396039604,
        0.009900990099009901
      ],
      [
        0.78515625,
        0.02734375,
        0.009765625,
        0.009765625,
        0.158203125,
        0.009765625
      ],
      [
        0.744140625,
        0.0390625,
        0.009765625,
        0.009765625,
        0.1875,
        0.009765625
      ],
      [
        0.10588235294117647,
        0.5450980392156863,
        0.00980392156862745,
        0.16470588235294117,
        0.16470588235294117,
        0.00980392156862745
      ],
      [
        0.8588235294117647,
        0.058823529411764705,
        0.00980392156862745,
        0.023529411764705882,
        0.0392156862745098,
        0.00980392156862745
      ],
      [
        0.8411764705882353,
        0.03529411764705882,
        0.00980392156862745,
        0.027450980392156862,
        0.07647058823529411,
        0.00980392156862745
      ],
      [
        0.8772277227722772,
        0.009900990099009901,
        0.023762376237623763,
        0.013861386138613862,
        0.06534653465346535,
        0.009900990099009901
      ],
      [
        0.9514563106796116,
        0.009708737864077669,
        0.009708737864077669,
        0.009708737864077669,
        0.009708737864077669,
        0.009708737864077669
      ]
    ],
    [
      [
        0.9514563106796116,
        0.009708737864077669,
        0.009708737864077669,
        0.009708737864077669,
        0.009708737864077669,
        0.009708737864077669
      ],
      [
        0.14257425742574256,
        0.0594059405940594,
        0.023762376237623763,
        0.05148514851485148,
        0.7128712871287128,
        0.009900990099009901
      ],
      [
        0.6588235294117647,
        0.14901960784313725,
        0.00980392156862745,
        0.03333333333333333,
        0.13921568627450978,
        0.00980392156862745
      ],
      [
        0.6431372549019608,
        0.17058823529411762,
        0.00980392156862745,
        0.0196078431372549,
        0.14705882352941177,
        0.00980392156862745
      ],
      [
        0.6372549019607842,
        0.17843137254901956,
        0.009803921568627449,
        0.027450980392156855,
        0.1372549019607843,
        0.009803921568627449
      ],
      [
        0.047058823529411764,
        0.19999999999999998,
        0.00980392156862745,
        0.0196078431372549,
        0.7137254901960784,
        0.00980392156862745
      ],
      [
        0.9337231968810915,
        0.021442495126705652,
        0.009746588693957114,
        0.009746588693957114,
        0.015594541910331383,
        0.009746588693957114
      ],
      [
        0.009652509652509652,
        0.013513513513513513,
        0.009652509652509652,
        0.009652509652509652,
        0.9478764478764479,
        0.009652509652509652
      ],
      [
        0.8414872798434442,
        0.09393346379647749,
        0.009784735812133072,
        0.009784735812133072,
        0.03522504892367906,
        0.009784735812133072
      ],
      [
        0.054901960784313725,
        0.08823529411764705,
        0.00980392156862745,
        0.023529411764705882,
        0.8137254901960784,
        0.00980392156862745
      ],
      [
        0.8019607843137254,
        0.0803921568627451,
        0.00980392156862745,
        0.013725490196078431,
        0.08431372549019607,
        0.00980392156862745
      ],
      [
        0.8372549019607842,
        0.060784313725490195,
        0.00980392156862745,
        0.0196078431372549,
        0.06274509803921569,
        0.00980392156862745
      ],
      [
        0.07128712871287128,
        0.015841584158415842,
        0.11287128712871287,
        0.01782178217821782,
        0.7722772277227723,
        0.009900990099009901
      ],
      [
        0.805500982318271,
        0.009823182711198428,
        0.07465618860510805,
        0.011787819253438114,
        0.08840864440078584,
        0.009823182711198428
      ],
      [
        0.9514563106796116,
        0.009708737864077669,
        0.009708737864077669,
        0.009708737864077669,
        0.009708737864077669,
        0.009708737864077669
      ],
      [
        0.9514563106796116,
        0.009708737864077669,
        0.009708737864077669,
        0.009708737864077669,
        0.009708737864077669,
        0.009708737864077669
      ],
      [
        0.02574257425742574,
        0.02178217821782178,
        0.0594059405940594,
        0.01782178217821782,
        0.8653465346534653,
        0.009900990099009901
      ],
      [
        0.7627450980392158,
        0.11372549019607843,
        0.00980392156862745,
        0.01568627450980392,
        0.08823529411764705,
        0.00980392156862745
      ],
      [
        0.6980392156862745,
        0.13725490196078433,
        0.00980392156862745,
        0.0196078431372549,
        0.12549019607843137,
        0.00980392156862745
      ],
      [
        0.052941176470588235,
        0.16862745098039214,
        0.00980392156862745,
        0.021568627450980392,
        0.7372549019607842,
        0.00980392156862745
      ],
      [
        0.0392156862745098,
        0.14901960784313725,
        0.00980392156862745,
        0.01568627450980392,
        0.7764705882352941,
        0.00980392156862745
      ],
      [
        0.7196078431372549,
        0.15490196078431373,
        0.00980392156862745,
        0.01764705882352941,
        0.08823529411764705,
        0.00980392156862745
      ],
      [
        0.79296875,
        0.109375,
        0.009765625,
        0.009765625,
        0.068359375,
        0.009765625
      ],
      [
        0.10784313725490197,
        0.1411764705882353,
        0.00980392156862745,
        0.00980392156862745,
        0.7215686274509804,
        0.00980392156862745
      ],
      [
        0.645224171539961,
        0.14814814814814814,
        0.009746588693957114,
        0.009746588693957114,
        0.17738791423001948,
        0.009746588693957114
      ],
      [
        0.06470588235294118,
        0.09607843137254903,
        0.00980392156862745,
        0.01568627450980392,
        0.8039215686274509,
        0.00980392156862745
      ],
      [
        0.060784313725490195,
        0.08627450980392157,
        0.00980392156862745,
        0.013725490196078431,
        0.8196078431372549,
        0.00980392156862745
      ],
      [
        0.7666666666666667,
        0.08823529411764705,
        0.00980392156862745,
        0.01764705882352941,
        0.10784313725490197,
        0.00980392156862745
      ],
      [
        0.8078431372549019,
        0.0784313725490196,
        0.00980392156862745,
        0.03725490196078431,
        0.056862745098039215,
        0.00980392156862745
      ],
      [
        0.680392156862745,
        0.1803921568627451,
        0.00980392156862745,
        0.01568627450980392,
        0.10392156862745097,
        0.00980392156862745
      ],
      [
        0.8686274509803922,
        0.00980392156862745,
        0.03137254901960784,
        0.00980392156862745,
        0.07058823529411765,
        0.00980392156862745
      ],
      [
        0.9514563106796116,
        0.009708737864077669,
        0.009708737864077669,
        0.009708737864077669,
        0.009708737864077669,
        0.009708737864077669
      ],
      [
        0.7445544554455445,
        0.0297029702970297,
        0.07722772277227723,
        0.009900990099009901,
        0.12871287128712872,
        0.009900990099009901
      ],
      [
        0.11176470588235295,
        0.03725490196078431,
        0.00980392156862745,
        0.01568627450980392,
        0.8156862745098039,
        0.00980392156862745
      ],
      [
        0.8274509803921568,
        0.023529411764705882,
        0.00980392156862745,
        0.00980392156862745,
        0.1196078431372549,
        0.00980392156862745
      ],
      [
        0.8078431372549019,
        0.09411764705882353,
        0.00980392156862745,
        0.0392156862745098,
        0.0392156862745098,
        0.00980392156862745
      ],
      [
        0.845703125,
        0.04296875,
        0.009765625,
        0.009765625,
        0.08203125,
        0.009765625
      ],
      [
        0.8333333333333333,
        0.060784313725490195,
        0.00980392156862745,
        0.0196078431372549,
        0.06666666666666667,
        0.00980392156862745
      ],
      [
        0.8577075098814229,
        0.019762845849802372,
        0.02569169960474308,
        0.009881422924901186,
        0.07707509881422925,
        0.009881422924901186
      ],
      [
        0.9514563106796116,
        0.009708737864077669,
        0.009708737864077669,
        0.009708737864077669,
        0.009708737864077669,
        0.009708737864077669
      ]
    ],
    [
      [
        0.9514563106796116,
        0.009708737864077669,
        0.009708737864077669,
        0.009708737864077669,
        0.009708737864077669,
        0.009708737864077669
      ],
      [
        0.7148514851485148,
        0.039603960396039604,
        0.013861386138613862,
        0.0297029702970297,
        0.19207920792079208,
        0.009900990099009901
      ],
      [
        0.7215686274509804,
        0.07647058823529411,
        0.00980392156862745,
        0.011764705882352941,
        0.17058823529411762,
        0.00980392156862745
      ],
      [
        0.6235294117647059,
        0.060784313725490195,
        0.00980392156862745,
        0.011764705882352941,
        0.28431372549019607,
        0.00980392156862745
      ],
      [
        0.10980392156862745,
        0.06666666666666667,
        0.00980392156862745,
        0.00980392156862745,
        0.7941176470588236,
        0.00980392156862745
      ],
      [
        0.5705882352941176,
        0.22745098039215686,
        0.00980392156862745,
        0.011764705882352941,
        0.17058823529411762,
        0.00980392156862745
      ],
      [
        0.858252427184466,
        0.06990291262135921,
        0.009708737864077669,
        0.009708737864077669,
        0.04271844660194175,
        0.009708737864077669
      ],
      [
        0.029239766081871343,
        0.03508771929824561,
        0.009746588693957114,
        0.009746588693957114,
        0.9064327485380117,
        0.009746588693957114
      ],
      [
        0.7803921568627451,
        0.1196078431372549,
        0.00980392156862745,
        0.011764705882352941,
        0.06862745098039216,
        0.00980392156862745
      ],
      [
        0.7294117647058823,
        0.08431372549019607,
        0.00980392156862745,
        0.0196078431372549,
        0.14705882352941177,
        0.00980392156862745
      ],
      [
        0.8196078431372549,
        0.043137254901960784,
        0.00980392156862745,
        0.00980392156862745,
        0.10784313725490197,
        0.00980392156862745
      ],
      [
        0.8160469667318981,
        0.009784735812133072,
        0.04109589041095891,
        0.009784735812133072,
        0.11350293542074365,
        0.009784735812133072
      ],
      [
        0.14653465346534653,
        0.011881188118811881,
        0.5623762376237623,
        0.02178217821782178,
        0.24752475247524752,
        0.009900990099009901
      ],
      [
        0.9514563106796116,
        0.009708737864077669,
        0.009708737864077669,
        0.009708737864077669,
        0.009708737864077669,
        0.009708737864077669
      ],
      [
        0.9514563106796116,
        0.009708737864077669,
        0.009708737864077669,
        0.009708737864077669,
        0.009708737864077669,
        0.009708737864077669
      ],
      [
        0.053465346534653464,
        0.019801980198019802,
        0.12673267326732673,
        0.009900990099009901,
        0.7801980198019802,
        0.009900990099009901
      ],
      [
        0.6673267326732674,
        0.02178217821782178,
        0.13267326732673268,
        0.01782178217821782,
        0.1504950495049505,
        0.009900990099009901
      ],
      [
        0.7156862745098039,
        0.10392156862745097,
        0.00980392156862745,
        0.029411764705882353,
        0.13137254901960785,
        0.00980392156862745
      ],
      [
        0.6862745098039215,
        0.13137254901960785,
        0.00980392156862745,
        0.03725490196078431,
        0.12549019607843137,
        0.00980392156862745
      ],
      [
        0.684313725490196,
        0.050980392156862744,
        0.00980392156862745,
        0.027450980392156862,
        0.21764705882352942,
        0.00980392156862745
      ],
      [
        0.7058823529411764,
        0.06862745098039216,
        0.00980392156862745,
        0.021568627450980392,
        0.18431372549019606,
        0.00980392156862745
      ],
      [
        0.10196078431372549,
        0.10784313725490197,
        0.00980392156862745,
        0.027450980392156862,
        0.7431372549019608,
        0.00980392156862745
      ],
      [
        0.7215686274509804,
        0.08823529411764705,
        0.00980392156862745,
        0.0196078431372549,
        0.15098039215686274,
        0.00980392156862745
      ],
      [
        0.7254901960784313,
        0.041176470588235294,
        0.00980392156862745,
        0.013725490196078431,
        0.19999999999999998,
        0.00980392156862745
      ],
      [
        0.7,
        0.03137254901960784,
        0.00980392156862745,
        0.013725490196078431,
        0.23529411764705882,
        0.00980392156862745
      ],
      [
        0.754863813229572,
        0.027237354085603113,
        0.009727626459143969,
        0.009727626459143969,
        0.188715953307393,
        0.009727626459143969
      ],
      [
        0.7368421052631579,
        0.029239766081871343,
        0.009746588693957114,
        0.009746588693957114,
        0.2046783625730994,
        0.009746588693957114
      ],
      [
        0.771484375,
        0.01953125,
        0.009765625,
        0.009765625,
        0.1796875,
        0.009765625
      ],
      [
        0.8019607843137254,
        0.07058823529411765,
        0.00980392156862745,
        0.03333333333333333,
        0.07450980392156863,
        0.00980392156862745
      ],
      [
        0.7098039215686274,
        0.13725490196078433,
        0.00980392156862745,
        0.029411764705882353,
        0.10392156862745097,
        0.00980392156862745
      ],
      [
        0.0891089108910891,
        0.02178217821782178,
        0.04356435643564356,
        0.015841584158415842,
        0.8198019801980198,
        0.009900990099009901
      ],
      [
        0.9514563106796116,
        0.009708737864077669,
        0.009708737864077669,
        0.009708737864077669,
        0.009708737864077669,
        0.009708737864077669
      ],
      [
        0.04950495049504949,
        0.10891089108910888,
        0.6772277227722772,
        0.05940594059405939,
        0.09504950495049502,
        0.0099009900990099
      ],
      [
        0.7901960784313726,
        0.011764705882352941,
        0.00980392156862745,
        0.013725490196078431,
        0.16470588235294117,
        0.00980392156862745
      ],
      [
        0.7529411764705882,
        0.025490196078431372,
        0.00980392156862745,
        0.00980392156862745,
        0.19215686274509805,
        0.00980392156862745
      ],
      [
        0.8137254901960784,
        0.06862745098039216,
        0.00980392156862745,
        0.03137254901960784,
        0.06666666666666667,
        0.00980392156862745
      ],
      [
        0.8588235294117647,
        0.043137254901960784,
        0.00980392156862745,
        0.013725490196078431,
        0.06470588235294118,
        0.00980392156862745
      ],
      [
        0.043137254901960784,
        0.041176470588235294,
        0.00980392156862745,
        0.01568627450980392,
        0.8803921568627451,
        0.00980392156862745
      ],
      [
        0.04950495049504951,
        0.019801980198019802,
        0.02574257425742574,
        0.011881188118811881,
        0.8831683168316832,
        0.009900990099009901
      ],
      [
        0.9514563106796116,
        0.009708737864077669,
        0.009708737864077669,
        0.009708737864077669,
        0.009708737864077669,
        0.009708737864077669
      ]
    ],
    [
      [
        0.9514563106796116,
        0.009708737864077669,
        0.009708737864077669,
        0.009708737864077669,
        0.009708737864077669,
        0.009708737864077669
      ],
      [
        0.8,
        0.08316831683168317,
        0.02574257425742574,
        0.039603960396039604,
        0.041584158415841586,
        0.009900990099009901
      ],
      [
        0.7274509803921568,
        0.12745098039215685,
        0.00980392156862745,
        0.01568627450980392,
        0.10980392156862745,
        0.00980392156862745
      ],
      [
        0.6549019607843137,
        0.11568627450980391,
        0.00980392156862745,
        0.01568627450980392,
        0.19411764705882353,
        0.00980392156862745
      ],
      [
        0.11764705882352941,
        0.047058823529411764,
        0.00980392156862745,
        0.013725490196078431,
        0.8019607843137254,
        0.00980392156862745
      ],
      [
        0.10392156862745097,
        0.10784313725490197,
        0.00980392156862745,
        0.011764705882352941,
        0.7568627450980392,
        0.00980392156862745
      ],
      [
        0.8764705882352941,
        0.045098039215686274,
        0.00980392156862745,
        0.011764705882352941,
        0.047058823529411764,
        0.00980392156862745
      ],
      [
        0.89453125,
        0.015625,
        0.009765625,
        0.009765625,
        0.060546875,
        0.009765625
      ],
      [
        0.8066406249999999,
        0.048828125,
        0.009765625,
        0.009765625,
        0.11523437499999999,
        0.009765625
      ],
      [
        0.7176470588235294,
        0.10980392156862745,
        0.00980392156862745,
        0.023529411764705882,
        0.12941176470588237,
        0.00980392156862745
      ],
      [
        0.12156862745098039,
        0.045098039215686274,
        0.00980392156862745,
