{
  "prediction": [
    [
      [
        0.9514563106796116,
        0.009708737864077669,
        0.009708737864077669,
        0.009708737864077669,
        0.009708737864077669,
        0.009708737864077669
      ],
      [
        0.9514563106796116,
        0.009708737864077669,
        0.009708737864077669,
        0.009708737864077669,
        0.009708737864077669,
        0.009708737864077669
      ],
      [
        0.9514563106796116,
        0.009708737864077669,
        0.009708737864077669,
        0.009708737864077669,
        0.009708737864077669,
        0.009708737864077669
      ],
      [
        0.9514563106796116,
        0.009708737864077669,
        0.009708737864077669,
        0.009708737864077669,
        0.009708737864077669,
        0.009708737864077669
      ],
      [
        0.9514563106796116,
        0.009708737864077669,
        0.009708737864077669,
        0.009708737864077669,
        0.009708737864077669,
        0.009708737864077669
      ],
      [
        0.9514563106796116,
        0.009708737864077669,
        0.009708737864077669,
        0.009708737864077669,
        0.009708737864077669,
        0.009708737864077669
      ],
      [
        0.9514563106796116,
        0.009708737864077669,
        0.009708737864077669,
        0.009708737864077669,
        0.009708737864077669,
        0.009708737864077669
      ],
      [
        0.9514563106796116,
        0.009708737864077669,
        0.009708737864077669,
        0.009708737864077669,
        0.009708737864077669,
        0.009708737864077669
      ],
      [
        0.9514563106796116,
        0.009708737864077669,
        0.009708737864077669,
        0.009708737864077669,
        0.009708737864077669,
        0.009708737864077669
      ],
      [
        0.9514563106796116,
        0.009708737864077669,
        0.009708737864077669,
        0.009708737864077669,
        0.009708737864077669,
        0.009708737864077669
      ],
      [
        0.9514563106796116,
        0.009708737864077669,
        0.009708737864077669,
        0.009708737864077669,
        0.009708737864077669,
        0.009708737864077669
      ],
      [
        0.9514563106796116,
        0.009708737864077669,
        0.009708737864077669,
        0.009708737864077669,
        0.009708737864077669,
        0.009708737864077669
      ],
      [
        0.9514563106796116,
        0.009708737864077669,
        0.009708737864077669,
        0.009708737864077669,
        0.009708737864077669,
        0.009708737864077669
      ],
      [
        0.9514563106796116,
        0.009708737864077669,
        0.009708737864077669,
        0.009708737864077669,
        0.009708737864077669,
        0.009708737864077669
      ],
      [
        0.9514563106796116,
        0.009708737864077669,
        0.009708737864077669,
        0.009708737864077669,
        0.009708737864077669,
        0.009708737864077669
      ],
      [
        0.9514563106796116,
        0.009708737864077669,
        0.009708737864077669,
        0.009708737864077669,
        0.009708737864077669,
        0.009708737864077669
      ],
      [
        0.9514563106796116,
        0.009708737864077669,
        0.009708737864077669,
        0.009708737864077669,
        0.009708737864077669,
        0.009708737864077669
      ],
      [
        0.9514563106796116,
        0.009708737864077669,
        0.009708737864077669,
        0.009708737864077669,
        0.009708737864077669,
        0.009708737864077669
      ],
      [
        0.9514563106796116,
        0.009708737864077669,
        0.009708737864077669,
        0.009708737864077669,
        0.009708737864077669,
        0.009708737864077669
      ],
      [
        0.9514563106796116,
        0.009708737864077669,
        0.009708737864077669,
        0.009708737864077669,
        0.009708737864077669,
        0.009708737864077669
      ],
      [
        0.9514563106796116,
        0.009708737864077669,
        0.009708737864077669,
        0.009708737864077669,
        0.009708737864077669,
        0.009708737864077669
      ],
      [
        0.9514563106796116,
        0.009708737864077669,
        0.009708737864077669,
        0.009708737864077669,
        0.009708737864077669,
        0.009708737864077669
      ],
      [
        0.9514563106796116,
        0.009708737864077669,
        0.009708737864077669,
        0.009708737864077669,
        0.009708737864077669,
        0.009708737864077669
      ],
      [
        0.9514563106796116,
        0.009708737864077669,
        0.009708737864077669,
        0.009708737864077669,
        0.009708737864077669,
        0.009708737864077669
      ],
      [
        0.9514563106796116,
        0.009708737864077669,
        0.009708737864077669,
        0.009708737864077669,
        0.009708737864077669,
        0.009708737864077669
      ],
      [
        0.9514563106796116,
        0.009708737864077669,
        0.009708737864077669,
        0.009708737864077669,
        0.009708737864077669,
        0.009708737864077669
      ],
      [
        0.9514563106796116,
        0.009708737864077669,
        0.009708737864077669,
        0.009708737864077669,
        0.009708737864077669,
        0.009708737864077669
      ],
      [
        0.9514563106796116,
        0.009708737864077669,
        0.009708737864077669,
        0.009708737864077669,
        0.009708737864077669,
        0.009708737864077669
      ],
      [
        0.9514563106796116,
        0.009708737864077669,
        0.009708737864077669,
        0.009708737864077669,
        0.009708737864077669,
        0.009708737864077669
      ],
      [
        0.9514563106796116,
        0.009708737864077669,
        0.009708737864077669,
        0.009708737864077669,
        0.009708737864077669,
        0.009708737864077669
      ],
      [
        0.9514563106796116,
        0.009708737864077669,
        0.009708737864077669,
        0.009708737864077669,
        0.009708737864077669,
        0.009708737864077669
      ],
      [
        0.9514563106796116,
        0.009708737864077669,
        0.009708737864077669,
        0.009708737864077669,
        0.009708737864077669,
        0.009708737864077669
      ],
      [
        0.9514563106796116,
        0.009708737864077669,
        0.009708737864077669,
        0.009708737864077669,
        0.009708737864077669,
        0.009708737864077669
      ],
      [
        0.9514563106796116,
        0.009708737864077669,
        0.009708737864077669,
        0.009708737864077669,
        0.009708737864077669,
        0.009708737864077669
      ],
      [
        0.9514563106796116,
        0.009708737864077669,
        0.009708737864077669,
        0.009708737864077669,
        0.009708737864077669,
        0.009708737864077669
      ],
      [
        0.9514563106796116,
        0.009708737864077669,
        0.009708737864077669,
        0.009708737864077669,
        0.009708737864077669,
        0.009708737864077669
      ],
      [
        0.9514563106796116,
        0.009708737864077669,
        0.009708737864077669,
        0.009708737864077669,
        0.009708737864077669,
        0.009708737864077669
      ],
      [
        0.9514563106796116,
        0.009708737864077669,
        0.009708737864077669,
        0.009708737864077669,
        0.009708737864077669,
        0.009708737864077669
      ],
      [
        0.9514563106796116,
        0.009708737864077669,
        0.009708737864077669,
        0.009708737864077669,
        0.009708737864077669,
        0.009708737864077669
      ],
      [
        0.9514563106796116,
        0.009708737864077669,
        0.009708737864077669,
        0.009708737864077669,
        0.009708737864077669,
        0.009708737864077669
      ]
    ],
    [
      [
        0.9514563106796116,
        0.009708737864077669,
        0.009708737864077669,
        0.009708737864077669,
        0.009708737864077669,
        0.009708737864077669
      ],
      [
        0.9523809523809523,
        0.009523809523809523,
        0.009523809523809523,
        0.009523809523809523,
        0.009523809523809523,
        0.009523809523809523
      ],
      [
        0.9520153550863724,
        0.009596928982725527,
        0.009596928982725527,
        0.009596928982725527,
        0.009596928982725527,
        0.009596928982725527
      ],
      [
        0.9514563106796116,
        0.009708737864077669,
        0.009708737864077669,
        0.009708737864077669,
        0.009708737864077669,
        0.009708737864077669
      ],
      [
        0.009652509652509652,
        0.009652509652509652,
        0.009652509652509652,
        0.009652509652509652,
        0.9517374517374517,
        0.009652509652509652
      ],
      [
        0.9521072796934865,
        0.009578544061302681,
        0.009578544061302681,
        0.009578544061302681,
        0.009578544061302681,
        0.009578544061302681
      ],
      [
        0.9517374517374517,
        0.009652509652509652,
        0.009652509652509652,
        0.009652509652509652,
        0.009652509652509652,
        0.009652509652509652
      ],
      [
        0.8594059405940594,
        0.053465346534653464,
        0.009900990099009901,
        0.011881188118811881,
        0.055445544554455446,
        0.009900990099009901
      ],
      [
        0.7445544554455445,
        0.07128712871287128,
        0.04554455445544554,
        0.019801980198019802,
        0.10891089108910891,
        0.009900990099009901
      ],
      [
        0.7366336633663365,
        0.057425742574257414,
        0.05346534653465345,
        0.035643564356435634,
        0.1069306930693069,
        0.0099009900990099
      ],
      [
        0.7702970297029703,
        0.06336633663366337,
        0.01782178217821782,
        0.011881188118811881,
        0.12673267326732673,
        0.009900990099009901
      ],
      [
        0.801980198019802,
        0.07524752475247524,
        0.019801980198019802,
        0.0297029702970297,
        0.06336633663366337,
        0.009900990099009901
      ],
      [
        0.7702970297029703,
        0.10891089108910891,
        0.013861386138613862,
        0.039603960396039604,
        0.05742574257425743,
        0.009900990099009901
      ],
      [
        0.7593688362919132,
        0.08481262327416172,
        0.009861932938856016,
        0.03550295857988165,
        0.10059171597633135,
        0.009861932938856016
      ],
      [
        0.7544554455445545,
        0.05742574257425743,
        0.031683168316831684,
        0.01782178217821782,
        0.12871287128712872,
        0.009900990099009901
      ],
      [
        0.8438735177865613,
        0.029644268774703556,
        0.03359683794466403,
        0.009881422924901186,
        0.07312252964426877,
        0.009881422924901186
      ],
      [
        0.8534653465346534,
        0.04356435643564356,
        0.031683168316831684,
        0.009900990099009901,
        0.05148514851485148,
        0.009900990099009901
      ],
      [
        0.8653465346534653,
        0.027722772277227723,
        0.019801980198019802,
        0.011881188118811881,
        0.06534653465346535,
        0.009900990099009901
      ],
      [
        0.06706114398422092,
        0.04536489151873767,
        0.009861932938856016,
        0.017751479289940825,
        0.8500986193293886,
        0.009861932938856016
      ],
      [
        0.943359375,
        0.009765625,
        0.009765625,
        0.009765625,
        0.017578125,
        0.009765625
      ],
      [
        0.943025540275049,
        0.009823182711198428,
        0.009823182711198428,
        0.009823182711198428,
        0.01768172888015717,
        0.009823182711198428
      ],
      [
        0.949317738791423,
        0.009746588693957114,
        0.011695906432748537,
        0.009746588693957114,
        0.009746588693957114,
        0.009746588693957114
      ],
      [
        0.01171875,
        0.01953125,
        0.009765625,
        0.009765625,
        0.939453125,
        0.009765625
      ],
      [
        0.9214145383104125,
        0.011787819253438114,
        0.009823182711198428,
        0.009823182711198428,
        0.03732809430255402,
        0.009823182711198428
      ],
      [
        0.947265625,
        0.013671875,
        0.009765625,
        0.009765625,
        0.009765625,
        0.009765625
      ],
      [
        0.9311023622047243,
        0.00984251968503937,
        0.00984251968503937,
        0.00984251968503937,
        0.02952755905511811,
        0.00984251968503937
      ],
      [
        0.0137524557956778,
        0.0137524557956778,
        0.009823182711198428,
        0.009823182711198428,
        0.943025540275049,
        0.009823182711198428
      ],
      [
        0.9375,
        0.009765625,
        0.009765625,
        0.009765625,
        0.0234375,
        0.009765625
      ],
      [
        0.9372549019607843,
        0.011764705882352941,
        0.00980392156862745,
        0.00980392156862745,
        0.021568627450980392,
        0.00980392156862745
      ],
      [
        0.9431372549019608,
        0.011764705882352941,
        0.00980392156862745,
        0.00980392156862745,
        0.01568627450980392,
        0.00980392156862745
      ],
      [
        0.9473684210526315,
        0.009746588693957114,
        0.01364522417153996,
        0.009746588693957114,
        0.009746588693957114,
        0.009746588693957114
      ],
      [
        0.945631067961165,
        0.009708737864077669,
        0.015533980582524271,
        0.009708737864077669,
        0.009708737864077669,
        0.009708737864077669
      ],
      [
        0.9497098646034816,
        0.009671179883945842,
        0.01160541586073501,
        0.009671179883945842,
        0.009671179883945842,
        0.009671179883945842
      ],
      [
        0.9521988527724665,
        0.009560229445506692,
        0.009560229445506692,
        0.009560229445506692,
        0.009560229445506692,
        0.009560229445506692
      ],
      [
        0.9522900763358778,
        0.009541984732824428,
        0.009541984732824428,
        0.009541984732824428,
        0.009541984732824428,
        0.009541984732824428
      ],
      [
        0.9514563106796116,
        0.009708737864077669,
        0.009708737864077669,
        0.009708737864077669,
        0.009708737864077669,
        0.009708737864077669
      ],
      [
        0.9514563106796116,
        0.009708737864077669,
        0.009708737864077669,
        0.009708737864077669,
        0.009708737864077669,
        0.009708737864077669
      ],
      [
        0.009596928982725527,
        0.009596928982725527,
        0.009596928982725527,
        0.009596928982725527,
        0.9520153550863724,
        0.009596928982725527
      ],
      [
        0.9522900763358778,
        0.009541984732824428,
        0.009541984732824428,
        0.009541984732824428,
        0.009541984732824428,
        0.009541984732824428
      ],
      [
        0.9514563106796116,
        0.009708737864077669,
        0.009708737864077669,
        0.009708737864077669,
        0.009708737864077669,
        0.009708737864077669
      ]
    ],
    [
      [
        0.9514563106796116,
        0.009708737864077669,
        0.009708737864077669,
        0.009708737864077669,
        0.009708737864077669,
        0.009708737864077669
      ],
      [
        0.009652509652509652,
        0.009652509652509652,
        0.009652509652509652,
        0.009652509652509652,
        0.9517374517374517,
        0.009652509652509652
      ],
      [
        0.9514563106796116,
        0.009708737864077669,
        0.009708737864077669,
        0.009708737864077669,
        0.009708737864077669,
        0.009708737864077669
      ],
      [
        0.9497098646034816,
        0.009671179883945842,
        0.01160541586073501,
        0.009671179883945842,
        0.009671179883945842,
        0.009671179883945842
      ],
      [
        0.947265625,
        0.009765625,
        0.01171875,
        0.009765625,
        0.01171875,
        0.009765625
      ],
      [
        0.8460038986354775,
        0.09551656920077972,
        0.009746588693957114,
        0.009746588693957114,
        0.029239766081871343,
        0.009746588693957114
      ],
      [
        0.06849315068493152,
        0.07436399217221135,
        0.009784735812133072,
        0.009784735812133072,
        0.8277886497064579,
        0.009784735812133072
      ],
      [
        0.732421875,
        0.150390625,
        0.009765625,
        0.009765625,
        0.087890625,
        0.009765625
      ],
      [
        0.6490196078431373,
        0.1803921568627451,
        0.00980392156862745,
        0.011764705882352941,
        0.13921568627450978,
        0.00980392156862745
      ],
      [
        0.10980392156862745,
        0.052941176470588235,
        0.00980392156862745,
        0.029411764705882353,
        0.7882352941176471,
        0.00980392156862745
      ],
      [
        0.6058823529411764,
        0.08627450980392157,
        0.00980392156862745,
        0.03137254901960784,
        0.25686274509803925,
        0.00980392156862745
      ],
      [
        0.027450980392156862,
        0.9098039215686274,
        0.00980392156862745,
        0.03137254901960784,
        0.011764705882352941,
        0.00980392156862745
      ],
      [
        0.6235294117647059,
        0.09411764705882353,
        0.00980392156862745,
        0.029411764705882353,
        0.2333333333333333,
        0.00980392156862745
      ],
      [
        0.6372549019607843,
        0.10784313725490197,
        0.00980392156862745,
        0.03529411764705882,
        0.19999999999999998,
        0.00980392156862745
      ],
      [
        0.6431372549019608,
        0.1803921568627451,
        0.00980392156862745,
        0.01764705882352941,
        0.13921568627450978,
        0.00980392156862745
      ],
      [
        0.07450980392156863,
        0.11568627450980391,
        0.00980392156862745,
        0.027450980392156862,
        0.7627450980392158,
        0.00980392156862745
      ],
      [
        0.09019607843137255,
        0.1607843137254902,
        0.00980392156862745,
        0.0392156862745098,
        0.6901960784313725,
        0.00980392156862745
      ],
      [
        0.71484375,
        0.11523437499999999,
        0.009765625,
        0.009765625,
        0.140625,
        0.009765625
      ],
      [
        0.6725490196078431,
        0.1686274509803921,
        0.009803921568627449,
        0.017647058823529405,
        0.12156862745098036,
        0.009803921568627449
      ],
      [
        0.7960784313725491,
        0.12941176470588237,
        0.00980392156862745,
        0.00980392156862745,
        0.045098039215686274,
        0.00980392156862745
      ],
      [
        0.03529411764705882,
        0.06862745098039216,
        0.00980392156862745,
        0.01764705882352941,
        0.8588235294117647,
        0.00980392156862745
      ],
      [
        0.029239766081871343,
        0.07992202729044834,
        0.009746588693957114,
        0.009746588693957114,
        0.8615984405458089,
        0.009746588693957114
      ],
      [
        0.8171206225680934,
        0.10311284046692606,
        0.009727626459143969,
        0.009727626459143969,
        0.05058365758754863,
        0.009727626459143969
      ],
      [
        0.7808219178082192,
        0.11937377690802348,
        0.009784735812133072,
        0.009784735812133072,
        0.07045009784735812,
        0.009784735812133072
      ],
      [
        0.8137254901960784,
        0.10588235294117647,
        0.00980392156862745,
        0.0392156862745098,
        0.021568627450980392,
        0.00980392156862745
      ],
      [
        0.7921568627450981,
        0.10784313725490197,
        0.00980392156862745,
        0.00980392156862745,
        0.07058823529411765,
        0.00980392156862745
      ],
      [
        0.019569471624266144,
        0.1232876712328767,
        0.009784735812133072,
        0.009784735812133072,
        0.8277886497064579,
        0.009784735812133072
      ],
      [
        0.03137254901960784,
        0.10784313725490197,
        0.00980392156862745,
        0.013725490196078431,
        0.8274509803921568,
        0.00980392156862745
      ],
      [
        0.7843137254901961,
        0.09411764705882353,
        0.00980392156862745,
        0.011764705882352941,
        0.09019607843137255,
        0.00980392156862745
      ],
      [
        0.7723735408560312,
        0.10700389105058365,
        0.009727626459143969,
        0.009727626459143969,
        0.0914396887159533,
        0.009727626459143969
      ],
      [
        0.009708737864077669,
        0.013592233009708738,
        0.009708737864077669,
        0.009708737864077669,
        0.9475728155339805,
        0.009708737864077669
      ],
      [
        0.009615384615384616,
        0.02115384615384615,
        0.009615384615384616,
        0.009615384615384616,
        0.9403846153846154,
        0.009615384615384616
      ],
      [
        0.9476744186046511,
        0.013565891472868217,
        0.009689922480620155,
        0.009689922480620155,
        0.009689922480620155,
        0.009689922480620155
      ],
      [
        0.9460500963391136,
        0.009633911368015413,
        0.015414258188824663,
        0.009633911368015413,
        0.009633911368015413,
        0.009633911368015413
      ],
      [
        0.9514563106796116,
        0.009708737864077669,
        0.009708737864077669,
        0.009708737864077669,
        0.009708737864077669,
        0.009708737864077669
      ],
      [
        0.9514563106796116,
        0.009708737864077669,
        0.009708737864077669,
        0.009708737864077669,
        0.009708737864077669,
        0.009708737864077669
      ],
      [
        0.9479768786127167,
        0.009633911368015413,
        0.01348747591522158,
        0.009633911368015413,
        0.009633911368015413,
        0.009633911368015413
      ],
      [
        0.9521072796934865,
        0.009578544061302681,
        0.009578544061302681,
        0.009578544061302681,
        0.009578544061302681,
        0.009578544061302681
      ],
      [
        0.9515503875968991,
        0.009689922480620155,
        0.009689922480620155,
        0.009689922480620155,
        0.009689922480620155,
        0.009689922480620155
      ],
      [
        0.9514563106796116,
        0.009708737864077669,
        0.009708737864077669,
        0.009708737864077669,
        0.009708737864077669,
        0.009708737864077669
      ]
    ],
    [
      [
        0.9514563106796116,
        0.009708737864077669,
        0.009708737864077669,
        0.009708737864077669,
        0.009708737864077669,
        0.009708737864077669
      ],
      [
        0.945631067961165,
        0.009708737864077669,
        0.009708737864077669,
        0.009708737864077669,
        0.015533980582524271,
        0.009708737864077669
      ],
      [
        0.9479768786127167,
        0.009633911368015413,
        0.01348747591522158,
        0.009633911368015413,
        0.009633911368015413,
        0.009633911368015413
      ],
      [
        0.9476744186046511,
        0.009689922480620155,
        0.013565891472868217,
        0.009689922480620155,
        0.009689922480620155,
        0.009689922480620155
      ],
      [
        0.009708737864077669,
        0.021359223300970873,
        0.009708737864077669,
        0.009708737864077669,
        0.9398058252427184,
        0.009708737864077669
      ],
      [
        0.8460038986354775,
        0.07017543859649122,
        0.009746588693957114,
        0.009746588693957114,
        0.05458089668615984,
        0.009746588693957114
      ],
      [
        0.75375,
        0.07475000000000001,
        0.03125,
        0.03725,
        0.07175000000000001,
        0.03125
      ],
      [
        0.63675,
        0.13475000000000004,
        0.03125000000000001,
        0.04175000000000001,
        0.12425000000000001,
        0.03125000000000001
      ],
      [
        0.13025,
        0.07625,
        0.03125,
        0.04025,
        0.69075,
        0.03125
      ],
      [
        0.61725,
        0.06425,
        0.03125,
        0.04625,
        0.20975,
        0.03125
      ],
      [
        0.56325,
        0.06875,
        0.03125,
        0.058249999999999996,
        0.24724999999999997,
        0.03125
      ],
      [
        0.61575,
        0.05675,
        0.03125,
        0.05525,
        0.20975,
        0.03125
      ],
      [
        0.18725,
        0.09725,
        0.03125,
        0.06125,
        0.59175,
        0.03125
      ],
      [
        0.54075,
        0.08075,
        0.03125,
        0.06425,
        0.25175,
        0.03125
      ],
      [
        0.60675,
        0.07025,
        0.03125,
        0.05675,
        0.20375000000000001,
        0.03125
      ],
      [
        0.03275,
        0.76475,
        0.03125,
        0.03425,
        0.10575,
        0.03125
      ],
      [
        0.59175,
        0.17525000000000002,
        0.03125,
        0.04325,
        0.12725,
        0.03125
      ],
      [
        0.6757500000000001,
        0.04325,
        0.03125,
        0.04625,
        0.17225000000000001,
        0.03125
      ],
      [
        0.6577500000000001,
        0.10475000000000001,
        0.03125,
        0.03875,
        0.13625,
        0.03125
      ],
      [
        0.72825,
        0.10025,
        0.03125,
        0.03725,
        0.07175000000000001,
        0.03125
      ],
      [
        0.71325,
        0.10925000000000001,
        0.03125000000000001,
        0.03125000000000001,
        0.08375000000000002,
        0.03125000000000001
      ],
      [
        0.8027343749999999,
        0.09765625,
        0.009765625,
        0.009765625,
        0.0703125,
        0.009765625
      ],
      [
        0.025291828793774316,
        0.11673151750972761,
        0.009727626459143969,
        0.009727626459143969,
        0.8287937743190661,
        0.009727626459143969
      ],
      [
        0.776908023483366,
        0.11154598825831703,
        0.009784735812133072,
        0.009784735812133072,
        0.08219178082191782,
        0.009784735812133072
      ],
      [
        0.8019607843137254,
        0.10196078431372549,
        0.00980392156862745,
        0.013725490196078431,
        0.06274509803921569,
        0.00980392156862745
      ],
      [
        0.7626459143968872,
        0.14396887159533073,
        0.009727626459143969,
        0.009727626459143969,
        0.0642023346303502,
        0.009727626459143969
      ],
      [
        0.770873786407767,
        0.14174757281553396,
        0.009708737864077669,
        0.009708737864077669,
        0.058252427184466014,
        0.009708737864077669
      ],
      [
        0.7827788649706459,
        0.09393346379647749,
        0.009784735812133072,
        0.009784735812133072,
        0.09393346379647749,
        0.009784735812133072
      ],
      [
        0.047058823529411764,
        0.09803921568627451,
        0.00980392156862745,
        0.01568627450980392,
        0.8196078431372549,
        0.00980392156862745
      ],
      [
        0.7058823529411764,
        0.1627450980392157,
        0.00980392156862745,
        0.013725490196078431,
        0.09803921568627451,
        0.00980392156862745
      ],
      [
        0.7933723196881091,
        0.10721247563352826,
        0.009746588693957114,
        0.009746588693957114,
        0.07017543859649122,
        0.009746588693957114
      ],
      [
        0.03137254901960784,
        0.09803921568627451,
        0.00980392156862745,
        0.01568627450980392,
        0.8352941176470587,
        0.00980392156862745
      ],
      [
        0.796477495107632,
        0.009784735812133072,
        0.11350293542074365,
        0.009784735812133072,
        0.060665362035225046,
        0.009784735812133072
      ],
      [
        0.812992125984252,
        0.00984251968503937,
        0.1141732283464567,
        0.00984251968503937,
        0.04330708661417323,
        0.00984251968503937
      ],
      [
        0.9514563106796116,
        0.009708737864077669,
        0.009708737864077669,
        0.009708737864077669,
        0.009708737864077669,
        0.009708737864077669
      ],
      [
        0.787524366471735,
        0.009746588693957114,
        0.11111111111111112,
        0.009746588693957114,
        0.07212475633528265,
        0.009746588693957114
      ],
      [
        0.009689922480620155,
        0.009689922480620155,
        0.009689922480620155,
        0.009689922480620155,
        0.9515503875968991,
        0.009689922480620155
      ],
      [
        0.9436893203883495,
        0.015533980582524271,
        0.009708737864077669,
        0.009708737864077669,
        0.011650485436893204,
        0.009708737864077669
      ],
      [
        0.9516441005802707,
        0.009671179883945842,
        0.009671179883945842,
        0.009671179883945842,
        0.009671179883945842,
        0.009671179883945842
      ],
      [
        0.9514563106796116,
        0.009708737864077669,
        0.009708737864077669,
        0.009708737864077669,
        0.009708737864077669,
        0.009708737864077669
      ]
    ],
    [
      [
        0.9514563106796116,
        0.009708737864077669,
        0.009708737864077669,
        0.009708737864077669,
        0.009708737864077669,
        0.009708737864077669
      ],
      [
        0.9517374517374517,
        0.009652509652509652,
        0.009652509652509652,
        0.009652509652509652,
        0.009652509652509652,
        0.009652509652509652
      ],
      [
        0.9458413926499032,
        0.015473887814313346,
        0.009671179883945842,
        0.009671179883945842,
        0.009671179883945842,
        0.009671179883945842
      ],
      [
        0.9181286549707601,
        0.033138401559454196,
        0.009746588693957114,
        0.009746588693957114,
        0.01949317738791423,
        0.009746588693957114
      ],
      [
        0.920388349514563,
        0.031067961165048542,
        0.009708737864077669,
        0.009708737864077669,
        0.019417475728155338,
        0.009708737864077669
      ],
      [
        0.029182879377431904,
        0.07976653696498055,
        0.009727626459143969,
        0.009727626459143969,
        0.8618677042801556,
        0.009727626459143969
      ],
      [
        0.71925,
        0.09125,
        0.03125,
        0.035750000000000004,
        0.09125,
        0.03125
      ],
      [
        0.65475,
        0.14825000000000002,
        0.03125000000000001,
        0.044750000000000005,
        0.08975000000000001,
        0.03125000000000001
      ],
      [
        0.11225,
        0.06425,
        0.03125,
        0.04475,
        0.7162499999999999,
        0.03125
      ],
      [
        0.61275,
        0.053750000000000006,
        0.03125000000000001,
        0.043250000000000004,
        0.22775000000000004,
        0.03125000000000001
      ],
      [
        0.09525,
        0.76925,
        0.03125,
        0.03425,
        0.03875,
        0.03125
      ],
      [
        0.57825,
        0.07775,
        0.03125,
        0.04475,
        0.23675000000000002,
        0.03125
      ],
      [
        0.59025,
        0.07925,
        0.03125,
        0.05375,
        0.21425,
        0.03125
      ],
      [
        0.56175,
        0.07475000000000001,
        0.03125,
        0.06725,
        0.23375,
        0.03125
      ],
      [
        0.65175,
        0.07625,
        0.03125,
        0.04475,
        0.16475,
        0.03125
      ],
      [
        0.64275,
        0.05675000000000001,
        0.03125000000000001,
        0.044750000000000005,
        0.19325000000000003,
        0.03125000000000001
      ],
      [
        0.15375,
        0.15875,
        0.03125,
        0.04775,
        0.57725,
        0.03125
      ],
      [
        0.67125,
        0.05675,
        0.03125,
        0.04025,
        0.16925,
        0.03125
      ],
      [
        0.65325,
        0.11375,
        0.03125,
        0.03725,
        0.13325,
        0.03125
      ],
      [
        0.09575,
        0.10025,
        0.03125,
        0.04025,
        0.70125,
        0.03125
      ],
      [
        0.72525,
        0.09725,
        0.03125,
        0.03725,
        0.07775,
        0.03125
      ],
      [
        0.01750972762645914,
        0.0953307392996109,
        0.009727626459143969,
        0.009727626459143969,
        0.857976653696498,
        0.009727626459143969
      ],
      [
        0.029182879377431904,
        0.09922178988326848,
        0.009727626459143969,
        0.009727626459143969,
        0.8424124513618677,
        0.009727626459143969
      ],
      [
        0.037037037037037035,
        0.11111111111111112,
        0.009746588693957114,
        0.009746588693957114,
        0.8226120857699805,
        0.009746588693957114
      ],
      [
        0.021526418786692758,
        0.12915851272015655,
        0.009784735812133072,
        0.009784735812133072,
        0.8199608610567514,
        0.009784735812133072
      ],
      [
        0.0234375,
        0.125,
        0.009765625,
        0.009765625,
        0.822265625,
        0.009765625
      ],
      [
        0.03529411764705882,
        0.12549019607843137,
        0.00980392156862745,
        0.011764705882352941,
        0.8078431372549019,
        0.00980392156862745
      ],
      [
        0.03515625,
        0.134765625,
        0.009765625,
        0.009765625,
        0.8007812499999999,
        0.009765625
      ],
      [
        0.033138401559454196,
        0.09161793372319688,
        0.009746588693957114,
        0.009746588693957114,
        0.8460038986354775,
        0.009746588693957114
      ],
      [
        0.03333333333333333,
        0.15294117647058822,
        0.00980392156862745,
        0.013725490196078431,
        0.7803921568627451,
        0.00980392156862745
      ],
      [
        0.791015625,
        0.095703125,
        0.009765625,
        0.009765625,
        0.08398437499999999,
        0.009765625
      ],
      [
        0.7094861660079052,
        0.01383399209486166,
        0.1600790513833992,
        0.009881422924901186,
        0.09683794466403162,
        0.009881422924901186
      ],
      [
        0.045098039215686274,
        0.00980392156862745,
        0.11764705882352941,
        0.00980392156862745,
        0.8078431372549019,
        0.00980392156862745
      ],
      [
        0.9514563106796116,
        0.009708737864077669,
        0.009708737864077669,
        0.009708737864077669,
        0.009708737864077669,
        0.009708737864077669
      ],
      [
        0.7539370078740157,
        0.00984251968503937,
        0.10826771653543307,
        0.011811023622047244,
        0.10629921259842519,
        0.00984251968503937
      ],
      [
        0.7318982387475538,
        0.009784735812133072,
        0.14090019569471623,
        0.009784735812133072,
        0.09784735812133073,
        0.009784735812133072
      ],
      [
        0.8515625,
        0.06640625,
        0.009765625,
        0.009765625,
        0.052734375,
        0.009765625
      ],
      [
        0.033203125,
        0.076171875,
        0.009765625,
        0.009765625,
        0.861328125,
        0.009765625
      ],
      [
        0.9497098646034816,
        0.009671179883945842,
        0.01160541586073501,
        0.009671179883945842,
        0.009671179883945842,
        0.009671179883945842
      ],
      [
        0.9514563106796116,
        0.009708737864077669,
        0.009708737864077669,
        0.009708737864077669,
        0.009708737864077669,
        0.009708737864077669
      ]
    ],
    [
      [
        0.9514563106796116,
        0.009708737864077669,
        0.009708737864077669,
        0.009708737864077669,
        0.009708737864077669,
        0.009708737864077669
      ],
      [
        0.033663366336633666,
        0.033663366336633666,
        0.013861386138613862,
        0.013861386138613862,
        0.8950495049504951,
        0.009900990099009901
      ],
      [
        0.8098039215686273,
        0.09803921568627451,
        0.00980392156862745,
        0.013725490196078431,
        0.058823529411764705,
        0.00980392156862745
      ],
      [
        0.7843137254901961,
        0.10980392156862745,
        0.00980392156862745,
        0.013725490196078431,
        0.07254901960784313,
        0.00980392156862745
      ],
      [
        0.8019607843137254,
        0.09215686274509803,
        0.00980392156862745,
        0.011764705882352941,
        0.07450980392156863,
        0.00980392156862745
      ],
      [
        0.7,
        0.16666666666666669,
        0.00980392156862745,
        0.00980392156862745,
        0.10392156862745097,
        0.00980392156862745
      ],
      [
        0.07625,
        0.13475,
        0.03125,
        0.03425,
        0.69225,
        0.03125
      ],
      [
        0.57975,
        0.16175,
        0.03125,
        0.04175,
        0.15425,
        0.03125
      ],
      [
        0.09375,
        0.78125,
        0.03125,
        0.03125,
        0.03125,
        0.03125
      ],
      [
        0.10625000000000001,
        0.06125,
        0.03125,
        0.04925,
        0.72075,
        0.03125
      ],
      [
        0.57075,
        0.08825,
        0.03125,
        0.058249999999999996,
        0.22025,
        0.03125
      ],
      [
        0.5362500000000001,
        0.10925000000000001,
        0.03125000000000001,
        0.04775000000000001,
        0.24425,
        0.03125000000000001
      ],
      [
        0.47524999999999995,
        0.09125,
        0.03125,
        0.052250000000000005,
        0.31875,
        0.03125
      ],
      [
        0.09525,
        0.77825,
        0.03125,
        0.03125,
        0.03275,
        0.03125
      ],
      [
        0.63825,
        0.052250000000000005,
        0.03125,
        0.04925,
        0.19775,
        0.03125
      ],
      [
        0.62075,
        0.05675,
        0.03125,
        0.04775,
        0.21225,
        0.03125
      ],
      [
        0.11225,
        0.12575,
        0.03125,
        0.04175,
        0.6577500000000001,
        0.03125
      ],
      [
        0.65625,
        0.06425,
        0.03125,
        0.03875,
        0.17825000000000002,
        0.03125
      ],
      [
        0.63225,
        0.12275,
        0.03125,
        0.03875,
        0.14375,
        0.03125
      ],
      [
        0.09375000000000001,
        0.7542500000000001,
        0.03125000000000001,
        0.05075000000000001,
        0.03875000000000001,
        0.03125000000000001
      ],
      [
        0.71475,
        0.12725,
        0.03125,
        0.03125,
        0.06425,
        0.03125
      ],
      [
        0.031189083820662766,
        0.11500974658869395,
        0.009746588693957114,
        0.009746588693957114,
        0.8245614035087719,
        0.009746588693957114
      ],
      [
        0.7823529411764706,
        0.11176470588235295,
        0.00980392156862745,
        0.00980392156862745,
        0.07647058823529411,
        0.00980392156862745
      ],
      [
        0.748046875,
        0.140625,
        0.009765625,
        0.009765625,
        0.08203125,
        0.009765625
      ],
      [
        0.037037037037037035,
        0.12475633528265107,
        0.009746588693957114,
        0.009746588693957114,
        0.8089668615984404,
