{
  "prediction": [
    [
      [
        0.9514563106796116,
        0.009708737864077669,
        0.009708737864077669,
        0.009708737864077669,
        0.009708737864077669,
        0.009708737864077669
      ],
      [
        0.9514563106796116,
        0.009708737864077669,
        0.009708737864077669,
        0.009708737864077669,
        0.009708737864077669,
        0.009708737864077669
      ],
      [
        0.9514563106796116,
        0.009708737864077669,
        0.009708737864077669,
        0.009708737864077669,
        0.009708737864077669,
        0.009708737864077669
      ],
      [
        0.9514563106796116,
        0.009708737864077669,
        0.009708737864077669,
        0.009708737864077669,
        0.009708737864077669,
        0.009708737864077669
      ],
      [
        0.9514563106796116,
        0.009708737864077669,
        0.009708737864077669,
        0.009708737864077669,
        0.009708737864077669,
        0.009708737864077669
      ],
      [
        0.9514563106796116,
        0.009708737864077669,
        0.009708737864077669,
        0.009708737864077669,
        0.009708737864077669,
        0.009708737864077669
      ],
      [
        0.9514563106796116,
        0.009708737864077669,
        0.009708737864077669,
        0.009708737864077669,
        0.009708737864077669,
        0.009708737864077669
      ],
      [
        0.9514563106796116,
        0.009708737864077669,
        0.009708737864077669,
        0.009708737864077669,
        0.009708737864077669,
        0.009708737864077669
      ],
      [
        0.9514563106796116,
        0.009708737864077669,
        0.009708737864077669,
        0.009708737864077669,
        0.009708737864077669,
        0.009708737864077669
      ],
      [
        0.9514563106796116,
        0.009708737864077669,
        0.009708737864077669,
        0.009708737864077669,
        0.009708737864077669,
        0.009708737864077669
      ],
      [
        0.9514563106796116,
        0.009708737864077669,
        0.009708737864077669,
        0.009708737864077669,
        0.009708737864077669,
        0.009708737864077669
      ],
      [
        0.9514563106796116,
        0.009708737864077669,
        0.009708737864077669,
        0.009708737864077669,
        0.009708737864077669,
        0.009708737864077669
      ],
      [
        0.9514563106796116,
        0.009708737864077669,
        0.009708737864077669,
        0.009708737864077669,
        0.009708737864077669,
        0.009708737864077669
      ],
      [
        0.9514563106796116,
        0.009708737864077669,
        0.009708737864077669,
        0.009708737864077669,
        0.009708737864077669,
        0.009708737864077669
      ],
      [
        0.9514563106796116,
        0.009708737864077669,
        0.009708737864077669,
        0.009708737864077669,
        0.009708737864077669,
        0.009708737864077669
      ],
      [
        0.9514563106796116,
        0.009708737864077669,
        0.009708737864077669,
        0.009708737864077669,
        0.009708737864077669,
        0.009708737864077669
      ],
      [
        0.9514563106796116,
        0.009708737864077669,
        0.009708737864077669,
        0.009708737864077669,
        0.009708737864077669,
        0.009708737864077669
      ],
      [
        0.9514563106796116,
        0.009708737864077669,
        0.009708737864077669,
        0.009708737864077669,
        0.009708737864077669,
        0.009708737864077669
      ],
      [
        0.9514563106796116,
        0.009708737864077669,
        0.009708737864077669,
        0.009708737864077669,
        0.009708737864077669,
        0.009708737864077669
      ],
      [
        0.9514563106796116,
        0.009708737864077669,
        0.009708737864077669,
        0.009708737864077669,
        0.009708737864077669,
        0.009708737864077669
      ],
      [
        0.9514563106796116,
        0.009708737864077669,
        0.009708737864077669,
        0.009708737864077669,
        0.009708737864077669,
        0.009708737864077669
      ],
      [
        0.9514563106796116,
        0.009708737864077669,
        0.009708737864077669,
        0.009708737864077669,
        0.009708737864077669,
        0.009708737864077669
      ],
      [
        0.9514563106796116,
        0.009708737864077669,
        0.009708737864077669,
        0.009708737864077669,
        0.009708737864077669,
        0.009708737864077669
      ],
      [
        0.9514563106796116,
        0.009708737864077669,
        0.009708737864077669,
        0.009708737864077669,
        0.009708737864077669,
        0.009708737864077669
      ],
      [
        0.9514563106796116,
        0.009708737864077669,
        0.009708737864077669,
        0.009708737864077669,
        0.009708737864077669,
        0.009708737864077669
      ],
      [
        0.9514563106796116,
        0.009708737864077669,
        0.009708737864077669,
        0.009708737864077669,
        0.009708737864077669,
        0.009708737864077669
      ],
      [
        0.9514563106796116,
        0.009708737864077669,
        0.009708737864077669,
        0.009708737864077669,
        0.009708737864077669,
        0.009708737864077669
      ],
      [
        0.9514563106796116,
        0.009708737864077669,
        0.009708737864077669,
        0.009708737864077669,
        0.009708737864077669,
        0.009708737864077669
      ],
      [
        0.9514563106796116,
        0.009708737864077669,
        0.009708737864077669,
        0.009708737864077669,
        0.009708737864077669,
        0.009708737864077669
      ],
      [
        0.9514563106796116,
        0.009708737864077669,
        0.009708737864077669,
        0.009708737864077669,
        0.009708737864077669,
        0.009708737864077669
      ],
      [
        0.9514563106796116,
        0.009708737864077669,
        0.009708737864077669,
        0.009708737864077669,
        0.009708737864077669,
        0.009708737864077669
      ],
      [
        0.9514563106796116,
        0.009708737864077669,
        0.009708737864077669,
        0.009708737864077669,
        0.009708737864077669,
        0.009708737864077669
      ],
      [
        0.9514563106796116,
        0.009708737864077669,
        0.009708737864077669,
        0.009708737864077669,
        0.009708737864077669,
        0.009708737864077669
      ],
      [
        0.9514563106796116,
        0.009708737864077669,
        0.009708737864077669,
        0.009708737864077669,
        0.009708737864077669,
        0.009708737864077669
      ],
      [
        0.9514563106796116,
        0.009708737864077669,
        0.009708737864077669,
        0.009708737864077669,
        0.009708737864077669,
        0.009708737864077669
      ],
      [
        0.9514563106796116,
        0.009708737864077669,
        0.009708737864077669,
        0.009708737864077669,
        0.009708737864077669,
        0.009708737864077669
      ],
      [
        0.9514563106796116,
        0.009708737864077669,
        0.009708737864077669,
        0.009708737864077669,
        0.009708737864077669,
        0.009708737864077669
      ],
      [
        0.9514563106796116,
        0.009708737864077669,
        0.009708737864077669,
        0.009708737864077669,
        0.009708737864077669,
        0.009708737864077669
      ],
      [
        0.9514563106796116,
        0.009708737864077669,
        0.009708737864077669,
        0.009708737864077669,
        0.009708737864077669,
        0.009708737864077669
      ],
      [
        0.9514563106796116,
        0.009708737864077669,
        0.009708737864077669,
        0.009708737864077669,
        0.009708737864077669,
        0.009708737864077669
      ]
    ],
    [
      [
        0.9514563106796116,
        0.009708737864077669,
        0.009708737864077669,
        0.009708737864077669,
        0.009708737864077669,
        0.009708737864077669
      ],
      [
        0.935672514619883,
        0.009746588693957114,
        0.009746588693957114,
        0.009746588693957114,
        0.025341130604288498,
        0.009746588693957114
      ],
      [
        0.041501976284584984,
        0.02569169960474308,
        0.009881422924901186,
        0.009881422924901186,
        0.9031620553359684,
        0.009881422924901186
      ],
      [
        0.9130434782608696,
        0.01383399209486166,
        0.023715415019762848,
        0.009881422924901186,
        0.029644268774703556,
        0.009881422924901186
      ],
      [
        0.9001956947162427,
        0.03522504892367906,
        0.009784735812133072,
        0.009784735812133072,
        0.03522504892367906,
        0.009784735812133072
      ],
      [
        0.7524752475247525,
        0.07326732673267326,
        0.033663366336633666,
        0.023762376237623763,
        0.10693069306930693,
        0.009900990099009901
      ],
      [
        0.8277227722772277,
        0.06336633663366337,
        0.01782178217821782,
        0.033663366336633666,
        0.047524752475247525,
        0.009900990099009901
      ],
      [
        0.7920792079207919,
        0.04752475247524751,
        0.03366336633663366,
        0.01584158415841584,
        0.10099009900990095,
        0.0099009900990099
      ],
      [
        0.7648221343873518,
        0.04940711462450593,
        0.07905138339920949,
        0.009881422924901186,
        0.08695652173913043,
        0.009881422924901186
      ],
      [
        0.7569169960474308,
        0.05928853754940711,
        0.08695652173913043,
        0.009881422924901186,
        0.07707509881422925,
        0.009881422924901186
      ],
      [
        0.7881188118811879,
        0.04752475247524751,
        0.03366336633663366,
        0.0198019801980198,
        0.10099009900990095,
        0.0099009900990099
      ],
      [
        0.8415841584158416,
        0.07326732673267326,
        0.01782178217821782,
        0.033663366336633666,
        0.023762376237623763,
        0.009900990099009901
      ],
      [
        0.9388560157790926,
        0.015779092702169626,
        0.009861932938856016,
        0.009861932938856016,
        0.015779092702169626,
        0.009861932938856016
      ],
      [
        0.9510763209393346,
        0.009784735812133072,
        0.009784735812133072,
        0.009784735812133072,
        0.009784735812133072,
        0.009784735812133072
      ],
      [
        0.9375,
        0.009765625,
        0.0234375,
        0.009765625,
        0.009765625,
        0.009765625
      ],
      [
        0.009708737864077669,
        0.009708737864077669,
        0.009708737864077669,
        0.009708737864077669,
        0.9514563106796116,
        0.009708737864077669
      ],
      [
        0.009633911368015413,
        0.009633911368015413,
        0.009633911368015413,
        0.009633911368015413,
        0.9518304431599229,
        0.009633911368015413
      ],
      [
        0.8023715415019762,
        0.013833992094861657,
        0.04940711462450592,
        0.009881422924901184,
        0.11462450592885373,
        0.009881422924901184
      ],
      [
        0.9514563106796116,
        0.009708737864077669,
        0.009708737864077669,
        0.009708737864077669,
        0.009708737864077669,
        0.009708737864077669
      ],
      [
        0.8455445544554455,
        0.01782178217821782,
        0.03564356435643564,
        0.013861386138613862,
        0.07722772277227723,
        0.009900990099009901
      ],
      [
        0.1442687747035573,
        0.0691699604743083,
        0.08695652173913043,
        0.009881422924901186,
        0.6798418972332015,
        0.009881422924901186
      ],
      [
        0.57396449704142,
        0.04339250493096647,
        0.20710059171597633,
        0.009861932938856016,
        0.15581854043392504,
        0.009861932938856016
      ],
      [
        0.17029702970297028,
        0.05148514851485148,
        0.061386138613861385,
        0.047524752475247525,
        0.6594059405940594,
        0.009900990099009901
      ],
      [
        0.5544554455445545,
        0.08514851485148514,
        0.07128712871287128,
        0.023762376237623763,
        0.25544554455445545,
        0.009900990099009901
      ],
      [
        0.6514851485148515,
        0.07128712871287128,
        0.04356435643564356,
        0.02574257425742574,
        0.19801980198019803,
        0.009900990099009901
      ],
      [
        0.5425742574257426,
        0.08118811881188119,
        0.09702970297029703,
        0.0297029702970297,
        0.2396039603960396,
        0.009900990099009901
      ],
      [
        0.21653543307086615,
        0.04133858267716536,
        0.00984251968503937,
        0.025590551181102362,
        0.6968503937007874,
        0.00984251968503937
      ],
      [
        0.5405940594059406,
        0.08712871287128712,
        0.11089108910891089,
        0.023762376237623763,
        0.22772277227722773,
        0.009900990099009901
      ],
      [
        0.6442687747035574,
        0.06719367588932806,
        0.07905138339920949,
        0.009881422924901186,
        0.18972332015810278,
        0.009881422924901186
      ],
      [
        0.6574257425742575,
        0.06336633663366337,
        0.061386138613861385,
        0.015841584158415842,
        0.19207920792079208,
        0.009900990099009901
      ],
      [
        0.7564356435643564,
        0.04356435643564356,
        0.047524752475247525,
        0.015841584158415842,
        0.12673267326732673,
        0.009900990099009901
      ],
      [
        0.7386138613861386,
        0.04950495049504951,
        0.06930693069306931,
        0.015841584158415842,
        0.11683168316831682,
        0.009900990099009901
      ],
      [
        0.8158415841584158,
        0.03564356435643564,
        0.06336633663366337,
        0.02178217821782178,
        0.053465346534653464,
        0.009900990099009901
      ],
      [
        0.8388998035363457,
        0.011787819253438114,
        0.07858546168958742,
        0.009823182711198428,
        0.05108055009823182,
        0.009823182711198428
      ],
      [
        0.009652509652509652,
        0.009652509652509652,
        0.015444015444015444,
        0.009652509652509652,
        0.9459459459459459,
        0.009652509652509652
      ],
      [
        0.009765625,
        0.009765625,
        0.009765625,
        0.009765625,
        0.951171875,
        0.009765625
      ],
      [
        0.9514563106796116,
        0.009708737864077669,
        0.009708737864077669,
        0.009708737864077669,
        0.009708737864077669,
        0.009708737864077669
      ],
      [
        0.9523809523809523,
        0.009523809523809523,
        0.009523809523809523,
        0.009523809523809523,
        0.009523809523809523,
        0.009523809523809523
      ],
      [
        0.009523809523809523,
        0.009523809523809523,
        0.009523809523809523,
        0.009523809523809523,
        0.9523809523809523,
        0.009523809523809523
      ],
      [
        0.9514563106796116,
        0.009708737864077669,
        0.009708737864077669,
        0.009708737864077669,
        0.009708737864077669,
        0.009708737864077669
      ]
    ],
    [
      [
        0.9514563106796116,
        0.009708737864077669,
        0.009708737864077669,
        0.009708737864077669,
        0.009708737864077669,
        0.009708737864077669
      ],
      [
        0.7905138339920947,
        0.0434782608695652,
        0.027667984189723313,
        0.009881422924901184,
        0.1185770750988142,
        0.009881422924901184
      ],
      [
        0.680392156862745,
        0.18431372549019606,
        0.00980392156862745,
        0.021568627450980392,
        0.09411764705882353,
        0.00980392156862745
      ],
      [
        0.6901960784313725,
        0.19607843137254902,
        0.00980392156862745,
        0.013725490196078431,
        0.0803921568627451,
        0.00980392156862745
      ],
      [
        0.11764705882352941,
        0.15098039215686274,
        0.00980392156862745,
        0.025490196078431372,
        0.6862745098039215,
        0.00980392156862745
      ],
      [
        0.5906432748538012,
        0.25925925925925924,
        0.009746588693957114,
        0.009746588693957114,
        0.12085769980506822,
        0.009746588693957114
      ],
      [
        0.7372549019607842,
        0.10392156862745097,
        0.00980392156862745,
        0.013725490196078431,
        0.12549019607843137,
        0.00980392156862745
      ],
      [
        0.7294117647058823,
        0.17058823529411762,
        0.00980392156862745,
        0.00980392156862745,
        0.07058823529411765,
        0.00980392156862745
      ],
      [
        0.047058823529411764,
        0.1411764705882353,
        0.00980392156862745,
        0.0196078431372549,
        0.7725490196078432,
        0.00980392156862745
      ],
      [
        0.043137254901960784,
        0.10392156862745097,
        0.00980392156862745,
        0.013725490196078431,
        0.8196078431372549,
        0.00980392156862745
      ],
      [
        0.7313725490196078,
        0.17058823529411762,
        0.00980392156862745,
        0.00980392156862745,
        0.06862745098039216,
        0.00980392156862745
      ],
      [
        0.7411764705882353,
        0.1411764705882353,
        0.00980392156862745,
        0.01568627450980392,
        0.08235294117647059,
        0.00980392156862745
      ],
      [
        0.9161793372319688,
        0.037037037037037035,
        0.009746588693957114,
        0.009746588693957114,
        0.017543859649122806,
        0.009746588693957114
      ],
      [
        0.01568627450980392,
        0.021568627450980392,
        0.00980392156862745,
        0.011764705882352941,
        0.9313725490196078,
        0.00980392156862745
      ],
      [
        0.9242718446601941,
        0.027184466019417475,
        0.009708737864077669,
        0.009708737864077669,
        0.019417475728155338,
        0.009708737864077669
      ],
      [
        0.8128654970760233,
        0.09746588693957116,
        0.009746588693957114,
        0.009746588693957114,
        0.06042884990253411,
        0.009746588693957114
      ],
      [
        0.8035019455252917,
        0.11867704280155641,
        0.009727626459143969,
        0.009727626459143969,
        0.048638132295719845,
        0.009727626459143969
      ],
      [
        0.7272727272727273,
        0.043478260869565216,
        0.06719367588932806,
        0.009881422924901186,
        0.14229249011857706,
        0.009881422924901186
      ],
      [
        0.9514563106796116,
        0.009708737864077669,
        0.009708737864077669,
        0.009708737864077669,
        0.009708737864077669,
        0.009708737864077669
      ],
      [
        0.7465346534653465,
        0.033663366336633666,
        0.07326732673267326,
        0.011881188118811881,
        0.12475247524752475,
        0.009900990099009901
      ],
      [
        0.6058823529411764,
        0.20784313725490194,
        0.00980392156862745,
        0.00980392156862745,
        0.1568627450980392,
        0.00980392156862745
      ],
      [
        0.592156862745098,
        0.041176470588235294,
        0.00980392156862745,
        0.021568627450980392,
        0.3254901960784314,
        0.00980392156862745
      ],
      [
        0.6705882352941176,
        0.021568627450980385,
        0.009803921568627449,
        0.021568627450980385,
        0.2666666666666666,
        0.009803921568627449
      ],
      [
        0.5901960784313726,
        0.054901960784313725,
        0.00980392156862745,
        0.03529411764705882,
        0.3,
        0.00980392156862745
      ],
      [
        0.009541984732824428,
        0.9522900763358778,
        0.009541984732824428,
        0.009541984732824428,
        0.009541984732824428,
        0.009541984732824428
      ],
      [
        0.1568627450980392,
        0.021568627450980392,
        0.00980392156862745,
        0.025490196078431372,
        0.7764705882352941,
        0.00980392156862745
      ],
      [
        0.1627450980392157,
        0.027450980392156862,
        0.00980392156862745,
        0.021568627450980392,
        0.7686274509803922,
        0.00980392156862745
      ],
      [
        0.5862745098039215,
        0.052941176470588235,
        0.00980392156862745,
        0.01568627450980392,
        0.3254901960784314,
        0.00980392156862745
      ],
      [
        0.6450980392156863,
        0.03333333333333333,
        0.00980392156862745,
        0.00980392156862745,
        0.292156862745098,
        0.00980392156862745
      ],
      [
        0.10980392156862745,
        0.03725490196078431,
        0.00980392156862745,
        0.021568627450980392,
        0.8117647058823528,
        0.00980392156862745
      ],
      [
        0.735812133072407,
        0.03718199608610567,
        0.009784735812133072,
        0.009784735812133072,
        0.19765166340508808,
        0.009784735812133072
      ],
      [
        0.692156862745098,
        0.12156862745098039,
        0.00980392156862745,
        0.0196078431372549,
        0.14705882352941177,
        0.00980392156862745
      ],
      [
        0.043052837573385516,
        0.08610567514677103,
        0.009784735812133072,
        0.009784735812133072,
        0.8414872798434442,
        0.009784735812133072
      ],
      [
        0.023391812865497075,
        0.10916179337231968,
        0.009746588693957114,
        0.009746588693957114,
        0.8382066276803118,
        0.009746588693957114
      ],
      [
        0.9244186046511628,
        0.036821705426356585,
        0.009689922480620155,
        0.009689922480620155,
        0.009689922480620155,
        0.009689922480620155
      ],
      [
        0.009615384615384616,
        0.011538461538461539,
        0.009615384615384616,
        0.009615384615384616,
        0.95,
        0.009615384615384616
      ],
      [
        0.9514563106796116,
        0.009708737864077669,
        0.009708737864077669,
        0.009708737864077669,
        0.009708737864077669,
        0.009708737864077669
      ],
      [
        0.9521988527724665,
        0.009560229445506692,
        0.009560229445506692,
        0.009560229445506692,
        0.009560229445506692,
        0.009560229445506692
      ],
      [
        0.009523809523809523,
        0.009523809523809523,
        0.009523809523809523,
        0.009523809523809523,
        0.9523809523809523,
        0.009523809523809523
      ],
      [
        0.9514563106796116,
        0.009708737864077669,
        0.009708737864077669,
        0.009708737864077669,
        0.009708737864077669,
        0.009708737864077669
      ]
    ],
    [
      [
        0.9514563106796116,
        0.009708737864077669,
        0.009708737864077669,
        0.009708737864077669,
        0.009708737864077669,
        0.009708737864077669
      ],
      [
        0.7683168316831681,
        0.05940594059405939,
        0.04752475247524751,
        0.01584158415841584,
        0.09900990099009899,
        0.0099009900990099
      ],
      [
        0.696078431372549,
        0.1627450980392157,
        0.00980392156862745,
        0.021568627450980392,
        0.09999999999999999,
        0.00980392156862745
      ],
      [
        0.6607843137254901,
        0.1705882352941176,
        0.009803921568627449,
        0.019607843137254898,
        0.12941176470588234,
        0.009803921568627449
      ],
      [
        0.6725490196078431,
        0.16078431372549015,
        0.009803921568627449,
        0.017647058823529405,
        0.12941176470588234,
        0.009803921568627449
      ],
      [
        0.537109375,
        0.2734375,
        0.009765625,
        0.009765625,
        0.16015625,
        0.009765625
      ],
      [
        0.056751467710371824,
        0.0665362035225049,
        0.009784735812133072,
        0.009784735812133072,
        0.8473581213307241,
        0.009784735812133072
      ],
      [
        0.728515625,
        0.154296875,
        0.009765625,
        0.009765625,
        0.087890625,
        0.009765625
      ],
      [
        0.009560229445506692,
        0.9521988527724665,
        0.009560229445506692,
        0.009560229445506692,
        0.009560229445506692,
        0.009560229445506692
      ],
      [
        0.7450980392156863,
        0.13333333333333333,
        0.00980392156862745,
        0.021568627450980392,
        0.0803921568627451,
        0.00980392156862745
      ],
      [
        0.7431372549019608,
        0.12549019607843137,
        0.00980392156862745,
        0.011764705882352941,
        0.09999999999999999,
        0.00980392156862745
      ],
      [
        0.052941176470588235,
        0.11372549019607843,
        0.00980392156862745,
        0.011764705882352941,
        0.8019607843137254,
        0.00980392156862745
      ],
      [
        0.9044834307992203,
        0.05263157894736842,
        0.009746588693957114,
        0.009746588693957114,
        0.01364522417153996,
        0.009746588693957114
      ],
      [
        0.8988326848249028,
        0.03696498054474708,
        0.009727626459143969,
        0.009727626459143969,
        0.03501945525291828,
        0.009727626459143969
      ],
      [
        0.9221789883268482,
        0.025291828793774316,
        0.009727626459143969,
        0.009727626459143969,
        0.023346303501945526,
        0.009727626459143969
      ],
      [
        0.8105468749999999,
        0.087890625,
        0.009765625,
        0.009765625,
        0.072265625,
        0.009765625
      ],
      [
        0.8176470588235294,
        0.11372549019607843,
        0.00980392156862745,
        0.021568627450980392,
        0.027450980392156862,
        0.00980392156862745
      ],
      [
        0.7881188118811882,
        0.053465346534653464,
        0.07722772277227723,
        0.0297029702970297,
        0.041584158415841586,
        0.009900990099009901
      ],
      [
        0.9514563106796116,
        0.009708737864077669,
        0.009708737864077669,
        0.009708737864077669,
        0.009708737864077669,
        0.009708737864077669
      ],
      [
        0.7683168316831683,
        0.015841584158415842,
        0.01782178217821782,
        0.009900990099009901,
        0.1782178217821782,
        0.009900990099009901
      ],
      [
        0.6745098039215686,
        0.0392156862745098,
        0.00980392156862745,
        0.01764705882352941,
        0.24901960784313726,
        0.00980392156862745
      ],
      [
        0.17450980392156862,
        0.06274509803921569,
        0.00980392156862745,
        0.025490196078431372,
        0.7176470588235294,
        0.00980392156862745
      ],
      [
        0.6294117647058823,
        0.021568627450980392,
        0.00980392156862745,
        0.0196078431372549,
        0.30980392156862746,
        0.00980392156862745
      ],
      [
        0.1627450980392157,
        0.03529411764705882,
        0.00980392156862745,
        0.025490196078431372,
        0.7568627450980392,
        0.00980392156862745
      ],
      [
        0.6352941176470588,
        0.03529411764705882,
        0.00980392156862745,
        0.021568627450980392,
        0.28823529411764703,
        0.00980392156862745
      ],
      [
        0.5392156862745098,
        0.04705882352941176,
        0.009803921568627449,
        0.025490196078431365,
        0.36862745098039207,
        0.009803921568627449
      ],
      [
        0.6019607843137255,
        0.029411764705882353,
        0.00980392156862745,
        0.011764705882352941,
        0.3372549019607843,
        0.00980392156862745
      ],
      [
        0.15294117647058822,
        0.050980392156862744,
        0.00980392156862745,
        0.011764705882352941,
        0.7647058823529412,
        0.00980392156862745
      ],
      [
        0.009560229445506692,
        0.9521988527724665,
        0.009560229445506692,
        0.009560229445506692,
        0.009560229445506692,
        0.009560229445506692
      ],
      [
        0.13725490196078433,
        0.06666666666666667,
        0.00980392156862745,
        0.03137254901960784,
        0.7450980392156863,
        0.00980392156862745
      ],
      [
        0.6313725490196078,
        0.0392156862745098,
        0.00980392156862745,
        0.01764705882352941,
        0.292156862745098,
        0.00980392156862745
      ],
      [
        0.6066536203522505,
        0.17416829745596868,
        0.009784735812133072,
        0.009784735812133072,
        0.1898238747553816,
        0.009784735812133072
      ],
      [
        0.7025440313111545,
        0.13894324853228962,
        0.009784735812133072,
        0.009784735812133072,
        0.12915851272015655,
        0.009784735812133072
      ],
      [
        0.04483430799220273,
        0.17543859649122806,
        0.009746588693957114,
        0.009746588693957114,
        0.7504873294346979,
        0.009746588693957114
      ],
      [
        0.803883495145631,
        0.1087378640776699,
        0.009708737864077669,
        0.009708737864077669,
        0.058252427184466014,
        0.009708737864077669
      ],
      [
        0.009633911368015413,
        0.023121387283236993,
        0.009633911368015413,
        0.009633911368015413,
        0.9383429672447013,
        0.009633911368015413
      ],
      [
        0.9359223300970874,
        0.02330097087378641,
        0.009708737864077669,
        0.009708737864077669,
        0.011650485436893204,
        0.009708737864077669
      ],
      [
        0.009689922480620155,
        0.013565891472868217,
        0.009689922480620155,
        0.009689922480620155,
        0.9476744186046511,
        0.009689922480620155
      ],
      [
        0.9522900763358778,
        0.009541984732824428,
        0.009541984732824428,
        0.009541984732824428,
        0.009541984732824428,
        0.009541984732824428
      ],
      [
        0.9514563106796116,
        0.009708737864077669,
        0.009708737864077669,
        0.009708737864077669,
        0.009708737864077669,
        0.009708737864077669
      ]
    ],
    [
      [
        0.9514563106796116,
        0.009708737864077669,
        0.009708737864077669,
        0.009708737864077669,
        0.009708737864077669,
        0.009708737864077669
      ],
      [
        0.1504950495049505,
        0.0891089108910891,
        0.013861386138613862,
        0.02178217821782178,
        0.7148514851485148,
        0.009900990099009901
      ],
      [
        0.6980392156862745,
        0.1784313725490196,
        0.00980392156862745,
        0.01568627450980392,
        0.08823529411764705,
        0.00980392156862745
      ],
      [
        0.7058823529411764,
        0.1411764705882353,
        0.00980392156862745,
        0.029411764705882353,
        0.10392156862745097,
        0.00980392156862745
      ],
      [
        0.09019607843137255,
        0.12549019607843137,
        0.00980392156862745,
        0.021568627450980392,
        0.7431372549019608,
        0.00980392156862745
      ],
      [
        0.53515625,
        0.25,
        0.009765625,
        0.009765625,
        0.185546875,
        0.009765625
      ],
      [
        0.08627450980392157,
        0.13333333333333333,
        0.00980392156862745,
        0.013725490196078431,
        0.7470588235294118,
        0.00980392156862745
      ],
      [
        0.07450980392156863,
        0.16862745098039214,
        0.00980392156862745,
        0.013725490196078431,
        0.7235294117647059,
        0.00980392156862745
      ],
      [
        0.6137254901960785,
        0.21372549019607842,
        0.00980392156862745,
        0.00980392156862745,
        0.14313725490196078,
        0.00980392156862745
      ],
      [
        0.640625,
        0.1875,
        0.009765625,
        0.009765625,
        0.142578125,
        0.009765625
      ],
      [
        0.6117647058823529,
        0.1784313725490196,
        0.00980392156862745,
        0.0196078431372549,
        0.17058823529411762,
        0.00980392156862745
      ],
      [
        0.6046966731898239,
        0.22504892367906068,
        0.009784735812133072,
        0.009784735812133072,
        0.14090019569471623,
        0.009784735812133072
      ],
      [
        0.02729044834307992,
        0.15009746588693956,
        0.009746588693957114,
        0.009746588693957114,
        0.7933723196881091,
        0.009746588693957114
      ],
      [
        0.013618677042801557,
        0.04280155642023346,
        0.009727626459143969,
        0.009727626459143969,
        0.914396887159533,
        0.009727626459143969
      ],
      [
        0.017475728155339803,
        0.038834951456310676,
        0.009708737864077669,
        0.009708737864077669,
        0.9145631067961164,
        0.009708737864077669
      ],
      [
        0.7844660194174757,
        0.11650485436893203,
        0.009708737864077669,
        0.009708737864077669,
        0.06990291262135921,
        0.009708737864077669
      ],
      [
        0.791015625,
        0.107421875,
        0.009765625,
        0.009765625,
        0.072265625,
        0.009765625
      ],
      [
        0.6772277227722773,
        0.041584158415841586,
        0.12277227722772277,
        0.009900990099009901,
        0.13861386138613863,
        0.009900990099009901
      ],
      [
        0.9514563106796116,
        0.009708737864077669,
        0.009708737864077669,
        0.009708737864077669,
        0.009708737864077669,
        0.009708737864077669
      ],
      [
        0.1900990099009901,
        0.02178217821782178,
        0.053465346534653464,
        0.031683168316831684,
        0.693069306930693,
        0.009900990099009901
      ],
      [
        0.009708737864077669,
        0.02524271844660194,
        0.9359223300970874,
        0.009708737864077669,
        0.009708737864077669,
        0.009708737864077669
      ],
      [
        0.5509803921568627,
        0.05098039215686273,
        0.009803921568627449,
        0.029411764705882346,
        0.3490196078431372,
        0.009803921568627449
      ],
      [
        0.15294117647058822,
        0.01568627450980392,
        0.00980392156862745,
        0.0196078431372549,
        0.7921568627450981,
        0.00980392156862745
      ],
      [
        0.009541984732824428,
        0.9522900763358778,
        0.009541984732824428,
        0.009541984732824428,
        0.009541984732824428,
        0.009541984732824428
      ],
      [
        0.668627450980392,
        0.019607843137254898,
        0.009803921568627449,
        0.031372549019607836,
        0.26078431372549016,
        0.009803921568627449
      ],
      [
        0.592156862745098,
        0.043137254901960784,
        0.00980392156862745,
        0.025490196078431372,
        0.31960784313725493,
        0.00980392156862745
      ],
      [
        0.011650485436893204,
        0.9436893203883495,
        0.009708737864077669,
        0.009708737864077669,
        0.015533980582524271,
        0.009708737864077669
      ],
      [
        0.20392156862745098,
        0.06274509803921569,
        0.00980392156862745,
        0.041176470588235294,
        0.6725490196078432,
        0.00980392156862745
      ],
      [
        0.5627450980392157,
        0.029411764705882353,
        0.00980392156862745,
        0.03333333333333333,
        0.3549019607843137,
        0.00980392156862745
      ],
      [
        0.18627450980392157,
        0.0392156862745098,
        0.00980392156862745,
        0.025490196078431372,
        0.7294117647058823,
        0.00980392156862745
      ],
      [
        0.009560229445506692,
        0.9521988527724665,
        0.009560229445506692,
        0.009560229445506692,
        0.009560229445506692,
        0.009560229445506692
      ],
      [
        0.6490196078431372,
        0.04901960784313725,
        0.009803921568627449,
        0.021568627450980385,
        0.26078431372549016,
        0.009803921568627449
      ],
      [
        0.7436399217221135,
        0.03326810176125245,
        0.009784735812133072,
        0.009784735812133072,
        0.19373776908023485,
        0.009784735812133072
      ],
      [
        0.7215686274509804,
        0.10196078431372549,
        0.00980392156862745,
        0.01764705882352941,
        0.13921568627450978,
        0.00980392156862745
      ],
      [
        0.7801556420233463,
        0.122568093385214,
        0.009727626459143969,
        0.009727626459143969,
        0.06809338521400779,
        0.009727626459143969
      ],
      [
        0.009708737864077669,
        0.02524271844660194,
        0.009708737864077669,
        0.009708737864077669,
        0.9359223300970874,
        0.009708737864077669
      ],
      [
        0.9284332688588007,
        0.03288201160541586,
        0.009671179883945842,
        0.009671179883945842,
        0.009671179883945842,
        0.009671179883945842
      ],
      [
        0.9319066147859921,
        0.025291828793774316,
        0.009727626459143969,
        0.009727626459143969,
        0.013618677042801557,
        0.009727626459143969
      ],
      [
        0.9519230769230769,
        0.009615384615384616,
        0.009615384615384616,
        0.009615384615384616,
        0.009615384615384616,
        0.009615384615384616
      ],
      [
        0.9514563106796116,
        0.009708737864077669,
        0.009708737864077669,
        0.009708737864077669,
        0.009708737864077669,
        0.009708737864077669
      ]
    ],
    [
      [
        0.9514563106796116,
        0.009708737864077669,
        0.009708737864077669,
        0.009708737864077669,
        0.009708737864077669,
        0.009708737864077669
      ],
      [
        0.6831683168316832,
        0.07326732673267328,
        0.05940594059405942,
        0.017821782178217824,
        0.15643564356435646,
        0.009900990099009903
      ],
      [
        0.009578544061302681,
        0.9521072796934865,
        0.009578544061302681,
        0.009578544061302681,
        0.009578544061302681,
        0.009578544061302681
      ],
      [
        0.054901960784313725,
        0.19019607843137254,
        0.00980392156862745,
        0.00980392156862745,
        0.7254901960784313,
        0.00980392156862745
      ],
      [
        0.6392156862745096,
        0.19803921568627447,
        0.009803921568627449,
        0.015686274509803918,
        0.12745098039215683,
        0.009803921568627449
      ],
      [
        0.5450980392156863,
        0.2392156862745098,
        0.00980392156862745,
        0.013725490196078431,
        0.18235294117647058,
        0.00980392156862745
      ],
      [
        0.6411764705882353,
        0.09803921568627451,
        0.00980392156862745,
        0.01764705882352941,
        0.2235294117647059,
        0.00980392156862745
      ],
      [
        0.6529411764705881,
        0.03529411764705881,
        0.009803921568627449,
        0.019607843137254898,
        0.2725490196078431,
        0.009803921568627449
      ],
      [
        0.10980392156862745,
        0.03725490196078431,
        0.00980392156862745,
        0.00980392156862745,
        0.8235294117647058,
        0.00980392156862745
      ],
      [
        0.10392156862745097,
        0.029411764705882353,
        0.00980392156862745,
        0.01764705882352941,
        0.8294117647058823,
        0.00980392156862745
      ],
      [
        0.12156862745098039,
        0.0392156862745098,
