{
  "prediction": [
    [
      [
        0.9514563106796116,
        0.009708737864077669,
        0.009708737864077669,
        0.009708737864077669,
        0.009708737864077669,
        0.009708737864077669
      ],
      [
        0.9514563106796116,
        0.009708737864077669,
        0.009708737864077669,
        0.009708737864077669,
        0.009708737864077669,
        0.009708737864077669
      ],
      [
        0.9514563106796116,
        0.009708737864077669,
        0.009708737864077669,
        0.009708737864077669,
        0.009708737864077669,
        0.009708737864077669
      ],
      [
        0.9514563106796116,
        0.009708737864077669,
        0.009708737864077669,
        0.009708737864077669,
        0.009708737864077669,
        0.009708737864077669
      ],
      [
        0.9514563106796116,
        0.009708737864077669,
        0.009708737864077669,
        0.009708737864077669,
        0.009708737864077669,
        0.009708737864077669
      ],
      [
        0.9514563106796116,
        0.009708737864077669,
        0.009708737864077669,
        0.009708737864077669,
        0.009708737864077669,
        0.009708737864077669
      ],
      [
        0.9514563106796116,
        0.009708737864077669,
        0.009708737864077669,
        0.009708737864077669,
        0.009708737864077669,
        0.009708737864077669
      ],
      [
        0.9514563106796116,
        0.009708737864077669,
        0.009708737864077669,
        0.009708737864077669,
        0.009708737864077669,
        0.009708737864077669
      ],
      [
        0.9514563106796116,
        0.009708737864077669,
        0.009708737864077669,
        0.009708737864077669,
        0.009708737864077669,
        0.009708737864077669
      ],
      [
        0.9514563106796116,
        0.009708737864077669,
        0.009708737864077669,
        0.009708737864077669,
        0.009708737864077669,
        0.009708737864077669
      ],
      [
        0.9514563106796116,
        0.009708737864077669,
        0.009708737864077669,
        0.009708737864077669,
        0.009708737864077669,
        0.009708737864077669
      ],
      [
        0.9514563106796116,
        0.009708737864077669,
        0.009708737864077669,
        0.009708737864077669,
        0.009708737864077669,
        0.009708737864077669
      ],
      [
        0.9514563106796116,
        0.009708737864077669,
        0.009708737864077669,
        0.009708737864077669,
        0.009708737864077669,
        0.009708737864077669
      ],
      [
        0.9514563106796116,
        0.009708737864077669,
        0.009708737864077669,
        0.009708737864077669,
        0.009708737864077669,
        0.009708737864077669
      ],
      [
        0.9514563106796116,
        0.009708737864077669,
        0.009708737864077669,
        0.009708737864077669,
        0.009708737864077669,
        0.009708737864077669
      ],
      [
        0.9514563106796116,
        0.009708737864077669,
        0.009708737864077669,
        0.009708737864077669,
        0.009708737864077669,
        0.009708737864077669
      ],
      [
        0.9514563106796116,
        0.009708737864077669,
        0.009708737864077669,
        0.009708737864077669,
        0.009708737864077669,
        0.009708737864077669
      ],
      [
        0.9514563106796116,
        0.009708737864077669,
        0.009708737864077669,
        0.009708737864077669,
        0.009708737864077669,
        0.009708737864077669
      ],
      [
        0.9514563106796116,
        0.009708737864077669,
        0.009708737864077669,
        0.009708737864077669,
        0.009708737864077669,
        0.009708737864077669
      ],
      [
        0.9514563106796116,
        0.009708737864077669,
        0.009708737864077669,
        0.009708737864077669,
        0.009708737864077669,
        0.009708737864077669
      ],
      [
        0.9514563106796116,
        0.009708737864077669,
        0.009708737864077669,
        0.009708737864077669,
        0.009708737864077669,
        0.009708737864077669
      ],
      [
        0.9514563106796116,
        0.009708737864077669,
        0.009708737864077669,
        0.009708737864077669,
        0.009708737864077669,
        0.009708737864077669
      ],
      [
        0.9514563106796116,
        0.009708737864077669,
        0.009708737864077669,
        0.009708737864077669,
        0.009708737864077669,
        0.009708737864077669
      ],
      [
        0.9514563106796116,
        0.009708737864077669,
        0.009708737864077669,
        0.009708737864077669,
        0.009708737864077669,
        0.009708737864077669
      ],
      [
        0.9514563106796116,
        0.009708737864077669,
        0.009708737864077669,
        0.009708737864077669,
        0.009708737864077669,
        0.009708737864077669
      ],
      [
        0.9514563106796116,
        0.009708737864077669,
        0.009708737864077669,
        0.009708737864077669,
        0.009708737864077669,
        0.009708737864077669
      ],
      [
        0.9514563106796116,
        0.009708737864077669,
        0.009708737864077669,
        0.009708737864077669,
        0.009708737864077669,
        0.009708737864077669
      ],
      [
        0.9514563106796116,
        0.009708737864077669,
        0.009708737864077669,
        0.009708737864077669,
        0.009708737864077669,
        0.009708737864077669
      ],
      [
        0.9514563106796116,
        0.009708737864077669,
        0.009708737864077669,
        0.009708737864077669,
        0.009708737864077669,
        0.009708737864077669
      ],
      [
        0.9514563106796116,
        0.009708737864077669,
        0.009708737864077669,
        0.009708737864077669,
        0.009708737864077669,
        0.009708737864077669
      ],
      [
        0.9514563106796116,
        0.009708737864077669,
        0.009708737864077669,
        0.009708737864077669,
        0.009708737864077669,
        0.009708737864077669
      ],
      [
        0.9514563106796116,
        0.009708737864077669,
        0.009708737864077669,
        0.009708737864077669,
        0.009708737864077669,
        0.009708737864077669
      ],
      [
        0.9514563106796116,
        0.009708737864077669,
        0.009708737864077669,
        0.009708737864077669,
        0.009708737864077669,
        0.009708737864077669
      ],
      [
        0.9514563106796116,
        0.009708737864077669,
        0.009708737864077669,
        0.009708737864077669,
        0.009708737864077669,
        0.009708737864077669
      ],
      [
        0.9514563106796116,
        0.009708737864077669,
        0.009708737864077669,
        0.009708737864077669,
        0.009708737864077669,
        0.009708737864077669
      ],
      [
        0.9514563106796116,
        0.009708737864077669,
        0.009708737864077669,
        0.009708737864077669,
        0.009708737864077669,
        0.009708737864077669
      ],
      [
        0.9514563106796116,
        0.009708737864077669,
        0.009708737864077669,
        0.009708737864077669,
        0.009708737864077669,
        0.009708737864077669
      ],
      [
        0.9514563106796116,
        0.009708737864077669,
        0.009708737864077669,
        0.009708737864077669,
        0.009708737864077669,
        0.009708737864077669
      ],
      [
        0.9514563106796116,
        0.009708737864077669,
        0.009708737864077669,
        0.009708737864077669,
        0.009708737864077669,
        0.009708737864077669
      ],
      [
        0.9514563106796116,
        0.009708737864077669,
        0.009708737864077669,
        0.009708737864077669,
        0.009708737864077669,
        0.009708737864077669
      ]
    ],
    [
      [
        0.9514563106796116,
        0.009708737864077669,
        0.009708737864077669,
        0.009708737864077669,
        0.009708737864077669,
        0.009708737864077669
      ],
      [
        0.9459459459459459,
        0.009652509652509652,
        0.009652509652509652,
        0.009652509652509652,
        0.015444015444015444,
        0.009652509652509652
      ],
      [
        0.009689922480620155,
        0.009689922480620155,
        0.009689922480620155,
        0.009689922480620155,
        0.9515503875968991,
        0.009689922480620155
      ],
      [
        0.9515503875968991,
        0.009689922480620155,
        0.009689922480620155,
        0.009689922480620155,
        0.009689922480620155,
        0.009689922480620155
      ],
      [
        0.9515503875968991,
        0.009689922480620155,
        0.009689922480620155,
        0.009689922480620155,
        0.009689922480620155,
        0.009689922480620155
      ],
      [
        0.9514563106796116,
        0.009708737864077669,
        0.009708737864077669,
        0.009708737864077669,
        0.009708737864077669,
        0.009708737864077669
      ],
      [
        0.9517374517374517,
        0.009652509652509652,
        0.009652509652509652,
        0.009652509652509652,
        0.009652509652509652,
        0.009652509652509652
      ],
      [
        0.9515503875968991,
        0.009689922480620155,
        0.009689922480620155,
        0.009689922480620155,
        0.009689922480620155,
        0.009689922480620155
      ],
      [
        0.9497098646034816,
        0.009671179883945842,
        0.009671179883945842,
        0.009671179883945842,
        0.01160541586073501,
        0.009671179883945842
      ],
      [
        0.9518304431599229,
        0.009633911368015413,
        0.009633911368015413,
        0.009633911368015413,
        0.009633911368015413,
        0.009633911368015413
      ],
      [
        0.9516441005802707,
        0.009671179883945842,
        0.009671179883945842,
        0.009671179883945842,
        0.009671179883945842,
        0.009671179883945842
      ],
      [
        0.9512670565302144,
        0.009746588693957114,
        0.009746588693957114,
        0.009746588693957114,
        0.009746588693957114,
        0.009746588693957114
      ],
      [
        0.9494163424124513,
        0.009727626459143969,
        0.009727626459143969,
        0.009727626459143969,
        0.011673151750972763,
        0.009727626459143969
      ],
      [
        0.8415841584158416,
        0.023762376237623763,
        0.05742574257425743,
        0.013861386138613862,
        0.053465346534653464,
        0.009900990099009901
      ],
      [
        0.8613861386138614,
        0.031683168316831684,
        0.031683168316831684,
        0.015841584158415842,
        0.04950495049504951,
        0.009900990099009901
      ],
      [
        0.03564356435643564,
        0.031683168316831684,
        0.03762376237623762,
        0.009900990099009901,
        0.8752475247524752,
        0.009900990099009901
      ],
      [
        0.8277227722772277,
        0.041584158415841586,
        0.061386138613861385,
        0.009900990099009901,
        0.04950495049504951,
        0.009900990099009901
      ],
      [
        0.8554455445544554,
        0.0297029702970297,
        0.031683168316831684,
        0.015841584158415842,
        0.05742574257425743,
        0.009900990099009901
      ],
      [
        0.8910891089108911,
        0.02574257425742574,
        0.019801980198019802,
        0.015841584158415842,
        0.03762376237623762,
        0.009900990099009901
      ],
      [
        0.8616600790513834,
        0.021739130434782608,
        0.039525691699604744,
        0.009881422924901186,
        0.05731225296442688,
        0.009881422924901186
      ],
      [
        0.009689922480620155,
        0.009689922480620155,
        0.009689922480620155,
        0.009689922480620155,
        0.9515503875968991,
        0.009689922480620155
      ],
      [
        0.8336633663366336,
        0.0297029702970297,
        0.06930693069306931,
        0.013861386138613862,
        0.04356435643564356,
        0.009900990099009901
      ],
      [
        0.8622047244094488,
        0.027559055118110236,
        0.00984251968503937,
        0.023622047244094488,
        0.06692913385826772,
        0.00984251968503937
      ],
      [
        0.8079207920792079,
        0.03564356435643564,
        0.019801980198019802,
        0.01782178217821782,
        0.10891089108910891,
        0.009900990099009901
      ],
      [
        0.8415841584158416,
        0.053465346534653464,
        0.019801980198019802,
        0.039603960396039604,
        0.03564356435643564,
        0.009900990099009901
      ],
      [
        0.7960396039603959,
        0.04158415841584158,
        0.029702970297029695,
        0.017821782178217817,
        0.10495049504950492,
        0.0099009900990099
      ],
      [
        0.10693069306930693,
        0.07920792079207921,
        0.02178217821782178,
        0.031683168316831684,
        0.7504950495049505,
        0.009900990099009901
      ],
      [
        0.6336633663366337,
        0.07722772277227723,
        0.13465346534653466,
        0.01782178217821782,
        0.12673267326732673,
        0.009900990099009901
      ],
      [
        0.7306930693069307,
        0.047524752475247525,
        0.08514851485148514,
        0.011881188118811881,
        0.11485148514851486,
        0.009900990099009901
      ],
      [
        0.7405940594059406,
        0.01782178217821782,
        0.08118811881188119,
        0.01782178217821782,
        0.13267326732673268,
        0.009900990099009901
      ],
      [
        0.0631163708086785,
        0.009861932938856016,
        0.023668639053254437,
        0.013806706114398421,
        0.8796844181459567,
        0.009861932938856016
      ],
      [
        0.700197238658777,
        0.009861932938856016,
        0.08086785009861933,
        0.01972386587771203,
        0.1794871794871795,
        0.009861932938856016
      ],
      [
        0.7623762376237624,
        0.009900990099009901,
        0.033663366336633666,
        0.023762376237623763,
        0.1603960396039604,
        0.009900990099009901
      ],
      [
        0.13663366336633664,
        0.009900990099009901,
        0.20396039603960395,
        0.023762376237623763,
        0.6158415841584158,
        0.009900990099009901
      ],
      [
        0.7790927021696252,
        0.009861932938856016,
        0.14398422090729782,
        0.009861932938856016,
        0.047337278106508875,
        0.009861932938856016
      ],
      [
        0.9514563106796116,
        0.009708737864077669,
        0.009708737864077669,
        0.009708737864077669,
        0.009708737864077669,
        0.009708737864077669
      ],
      [
        0.8073929961089493,
        0.009727626459143969,
        0.1284046692607004,
        0.009727626459143969,
        0.03501945525291828,
        0.009727626459143969
      ],
      [
        0.017578125,
        0.009765625,
        0.16015625,
        0.009765625,
        0.79296875,
        0.009765625
      ],
      [
        0.009615384615384616,
        0.009615384615384616,
        0.011538461538461539,
        0.009615384615384616,
        0.95,
        0.009615384615384616
      ],
      [
        0.9514563106796116,
        0.009708737864077669,
        0.009708737864077669,
        0.009708737864077669,
        0.009708737864077669,
        0.009708737864077669
      ]
    ],
    [
      [
        0.9514563106796116,
        0.009708737864077669,
        0.009708737864077669,
        0.009708737864077669,
        0.009708737864077669,
        0.009708737864077669
      ],
      [
        0.9494163424124513,
        0.009727626459143969,
        0.009727626459143969,
        0.009727626459143969,
        0.011673151750972763,
        0.009727626459143969
      ],
      [
        0.9476744186046511,
        0.013565891472868217,
        0.009689922480620155,
        0.009689922480620155,
        0.009689922480620155,
        0.009689922480620155
      ],
      [
        0.8610567514677103,
        0.060665362035225046,
        0.009784735812133072,
        0.009784735812133072,
        0.048923679060665366,
        0.009784735812133072
      ],
      [
        0.8435643564356435,
        0.0297029702970297,
        0.039603960396039604,
        0.009900990099009901,
        0.06732673267326733,
        0.009900990099009901
      ],
      [
        0.9514563106796116,
        0.009708737864077669,
        0.009708737864077669,
        0.009708737864077669,
        0.009708737864077669,
        0.009708737864077669
      ],
      [
        0.9514563106796116,
        0.009708737864077669,
        0.009708737864077669,
        0.009708737864077669,
        0.009708737864077669,
        0.009708737864077669
      ],
      [
        0.8138613861386138,
        0.01782178217821782,
        0.08712871287128712,
        0.011881188118811881,
        0.0594059405940594,
        0.009900990099009901
      ],
      [
        0.820662768031189,
        0.10136452241715399,
        0.009746588693957114,
        0.009746588693957114,
        0.04873294346978558,
        0.009746588693957114
      ],
      [
        0.041176470588235294,
        0.0803921568627451,
        0.00980392156862745,
        0.01568627450980392,
        0.8431372549019608,
        0.00980392156862745
      ],
      [
        0.9376218323586744,
        0.021442495126705652,
        0.009746588693957114,
        0.009746588693957114,
        0.011695906432748537,
        0.009746588693957114
      ],
      [
        0.009615384615384616,
        0.009615384615384616,
        0.009615384615384616,
        0.009615384615384616,
        0.9519230769230769,
        0.009615384615384616
      ],
      [
        0.009689922480620155,
        0.011627906976744186,
        0.009689922480620155,
        0.009689922480620155,
        0.9496124031007751,
        0.009689922480620155
      ],
      [
        0.8199608610567514,
        0.09197651663405088,
        0.009784735812133072,
        0.009784735812133072,
        0.05870841487279843,
        0.009784735812133072
      ],
      [
        0.029411764705882353,
        0.09019607843137255,
        0.00980392156862745,
        0.021568627450980392,
        0.8392156862745098,
        0.00980392156862745
      ],
      [
        0.7941176470588236,
        0.11372549019607843,
        0.00980392156862745,
        0.011764705882352941,
        0.060784313725490195,
        0.00980392156862745
      ],
      [
        0.01764705882352941,
        0.09999999999999999,
        0.00980392156862745,
        0.0196078431372549,
        0.8431372549019608,
        0.00980392156862745
      ],
      [
        0.023483365949119372,
        0.09980430528375733,
        0.009784735812133072,
        0.009784735812133072,
        0.8473581213307241,
        0.009784735812133072
      ],
      [
        0.8125,
        0.091796875,
        0.009765625,
        0.009765625,
        0.06640625,
        0.009765625
      ],
      [
        0.8171206225680934,
        0.10505836575875487,
        0.009727626459143969,
        0.009727626459143969,
        0.048638132295719845,
        0.009727626459143969
      ],
      [
        0.009652509652509652,
        0.015444015444015444,
        0.009652509652509652,
        0.009652509652509652,
        0.9459459459459459,
        0.009652509652509652
      ],
      [
        0.8346303501945525,
        0.09727626459143969,
        0.009727626459143969,
        0.009727626459143969,
        0.038910505836575876,
        0.009727626459143969
      ],
      [
        0.056862745098039215,
        0.08235294117647059,
        0.00980392156862745,
        0.013725490196078431,
        0.8274509803921568,
        0.00980392156862745
      ],
      [
        0.7666666666666667,
        0.12352941176470589,
        0.00980392156862745,
        0.021568627450980392,
        0.06862745098039216,
        0.00980392156862745
      ],
      [
        0.13921568627450978,
        0.7058823529411764,
        0.00980392156862745,
        0.08627450980392157,
        0.049019607843137254,
        0.00980392156862745
      ],
      [
        0.771484375,
        0.05859375,
        0.009765625,
        0.009765625,
        0.140625,
        0.009765625
      ],
      [
        0.7921568627450979,
        0.04313725490196077,
        0.009803921568627449,
        0.021568627450980385,
        0.12352941176470586,
        0.009803921568627449
      ],
      [
        0.5882352941176471,
        0.1607843137254902,
        0.00980392156862745,
        0.01764705882352941,
        0.21372549019607842,
        0.00980392156862745
      ],
      [
        0.09999999999999999,
        0.0196078431372549,
        0.00980392156862745,
        0.013725490196078431,
        0.8470588235294118,
        0.00980392156862745
      ],
      [
        0.052941176470588235,
        0.11176470588235295,
        0.00980392156862745,
        0.0196078431372549,
        0.7960784313725491,
        0.00980392156862745
      ],
      [
        0.009708737864077669,
        0.9378640776699029,
        0.009708737864077669,
        0.02330097087378641,
        0.009708737864077669,
        0.009708737864077669
      ],
      [
        0.691699604743083,
        0.009881422924901186,
        0.13043478260869565,
        0.01383399209486166,
        0.1442687747035573,
        0.009881422924901186
      ],
      [
        0.7207920792079208,
        0.01782178217821782,
        0.041584158415841586,
        0.02178217821782178,
        0.18811881188118812,
        0.009900990099009901
      ],
      [
        0.6792079207920791,
        0.017821782178217817,
        0.17029702970297025,
        0.011881188118811878,
        0.11089108910891086,
        0.0099009900990099
      ],
      [
        0.9514563106796116,
        0.009708737864077669,
        0.009708737864077669,
        0.009708737864077669,
        0.009708737864077669,
        0.009708737864077669
      ],
      [
        0.7968749999999999,
        0.009765625,
        0.119140625,
        0.009765625,
        0.0546875,
        0.009765625
      ],
      [
        0.011673151750972763,
        0.009727626459143969,
        0.14396887159533073,
        0.009727626459143969,
        0.8151750972762646,
        0.009727626459143969
      ],
      [
        0.023483365949119372,
        0.1232876712328767,
        0.009784735812133072,
        0.009784735812133072,
        0.8238747553816047,
        0.009784735812133072
      ],
      [
        0.9319066147859921,
        0.009727626459143969,
        0.025291828793774316,
        0.009727626459143969,
        0.013618677042801557,
        0.009727626459143969
      ],
      [
        0.9514563106796116,
        0.009708737864077669,
        0.009708737864077669,
        0.009708737864077669,
        0.009708737864077669,
        0.009708737864077669
      ]
    ],
    [
      [
        0.9514563106796116,
        0.009708737864077669,
        0.009708737864077669,
        0.009708737864077669,
        0.009708737864077669,
        0.009708737864077669
      ],
      [
        0.8517786561264822,
        0.019762845849802372,
        0.009881422924901186,
        0.015810276679841896,
        0.09288537549407115,
        0.009881422924901186
      ],
      [
        0.8117647058823528,
        0.10196078431372549,
        0.00980392156862745,
        0.00980392156862745,
        0.056862745098039215,
        0.00980392156862745
      ],
      [
        0.7450980392156863,
        0.14509803921568626,
        0.00980392156862745,
        0.013725490196078431,
        0.07647058823529411,
        0.00980392156862745
      ],
      [
        0.07495069033530571,
        0.03747534516765286,
        0.06903353057199212,
        0.009861932938856016,
        0.7988165680473374,
        0.009861932938856016
      ],
      [
        0.9514563106796116,
        0.009708737864077669,
        0.009708737864077669,
        0.009708737864077669,
        0.009708737864077669,
        0.009708737864077669
      ],
      [
        0.041501976284584984,
        0.02766798418972332,
        0.045454545454545456,
        0.009881422924901186,
        0.8656126482213439,
        0.009881422924901186
      ],
      [
        0.05742574257425743,
        0.041584158415841586,
        0.07524752475247524,
        0.01782178217821782,
        0.7980198019801981,
        0.009900990099009901
      ],
      [
        0.7450980392156863,
        0.11372549019607843,
        0.00980392156862745,
        0.013725490196078431,
        0.10784313725490197,
        0.00980392156862745
      ],
      [
        0.043137254901960784,
        0.15098039215686274,
        0.00980392156862745,
        0.013725490196078431,
        0.7725490196078432,
        0.00980392156862745
      ],
      [
        0.834307992202729,
        0.08187134502923978,
        0.009746588693957114,
        0.009746588693957114,
        0.05458089668615984,
        0.009746588693957114
      ],
      [
        0.8294117647058823,
        0.08627450980392157,
        0.00980392156862745,
        0.00980392156862745,
        0.054901960784313725,
        0.00980392156862745
      ],
      [
        0.845703125,
        0.076171875,
        0.009765625,
        0.009765625,
        0.048828125,
        0.009765625
      ],
      [
        0.6980392156862745,
        0.1627450980392157,
        0.00980392156862745,
        0.00980392156862745,
        0.10980392156862745,
        0.00980392156862745
      ],
      [
        0.8254901960784313,
        0.08235294117647059,
        0.00980392156862745,
        0.0196078431372549,
        0.052941176470588235,
        0.00980392156862745
      ],
      [
        0.8421052631578947,
        0.07212475633528265,
        0.009746588693957114,
        0.009746588693957114,
        0.05653021442495127,
        0.009746588693957114
      ],
      [
        0.7937743190661478,
        0.122568093385214,
        0.009727626459143969,
        0.009727626459143969,
        0.054474708171206226,
        0.009727626459143969
      ],
      [
        0.025440313111545987,
        0.09197651663405088,
        0.009784735812133072,
        0.009784735812133072,
        0.8532289628180039,
        0.009784735812133072
      ],
      [
        0.031189083820662766,
        0.1267056530214425,
        0.009746588693957114,
        0.009746588693957114,
        0.8128654970760233,
        0.009746588693957114
      ],
      [
        0.04296875,
        0.134765625,
        0.009765625,
        0.009765625,
        0.79296875,
        0.009765625
      ],
      [
        0.01556420233463035,
        0.04669260700389105,
        0.009727626459143969,
        0.009727626459143969,
        0.9085603112840467,
        0.009727626459143969
      ],
      [
        0.7607843137254902,
        0.13529411764705884,
        0.00980392156862745,
        0.00980392156862745,
        0.07450980392156863,
        0.00980392156862745
      ],
      [
        0.771484375,
        0.109375,
        0.009765625,
        0.009765625,
        0.08984375,
        0.009765625
      ],
      [
        0.6862745098039215,
        0.13333333333333333,
        0.00980392156862745,
        0.01568627450980392,
        0.14509803921568626,
        0.00980392156862745
      ],
      [
        0.7549019607843137,
        0.056862745098039215,
        0.00980392156862745,
        0.027450980392156862,
        0.1411764705882353,
        0.00980392156862745
      ],
      [
        0.8117647058823528,
        0.0784313725490196,
        0.00980392156862745,
        0.027450980392156862,
        0.06274509803921569,
        0.00980392156862745
      ],
      [
        0.8176470588235294,
        0.058823529411764705,
        0.00980392156862745,
        0.03725490196078431,
        0.06666666666666667,
        0.00980392156862745
      ],
      [
        0.6725490196078432,
        0.10588235294117647,
        0.00980392156862745,
        0.0196078431372549,
        0.18235294117647058,
        0.00980392156862745
      ],
      [
        0.7470588235294118,
        0.021568627450980392,
        0.00980392156862745,
        0.011764705882352941,
        0.19999999999999998,
        0.00980392156862745
      ],
      [
        0.7134502923976608,
        0.11111111111111112,
        0.009746588693957114,
        0.009746588693957114,
        0.14619883040935672,
        0.009746588693957114
      ],
      [
        0.06470588235294118,
        0.06470588235294118,
        0.00980392156862745,
        0.011764705882352941,
        0.8392156862745098,
        0.00980392156862745
      ],
      [
        0.7227722772277227,
        0.01782178217821782,
        0.06336633663366337,
        0.023762376237623763,
        0.16237623762376238,
        0.009900990099009901
      ],
      [
        0.9514563106796116,
        0.009708737864077669,
        0.009708737864077669,
        0.009708737864077669,
        0.009708737864077669,
        0.009708737864077669
      ],
      [
        0.9514563106796116,
        0.009708737864077669,
        0.009708737864077669,
        0.009708737864077669,
        0.009708737864077669,
        0.009708737864077669
      ],
      [
        0.011741682974559686,
        0.009784735812133072,
        0.949119373776908,
        0.009784735812133072,
        0.009784735812133072,
        0.009784735812133072
      ],
      [
        0.7721021611001965,
        0.009823182711198428,
        0.14538310412573674,
        0.009823182711198428,
        0.05304518664047151,
        0.009823182711198428
      ],
      [
        0.8039215686274509,
        0.11176470588235295,
        0.00980392156862745,
        0.00980392156862745,
        0.054901960784313725,
        0.00980392156862745
      ],
      [
        0.7392156862745098,
        0.15490196078431373,
        0.00980392156862745,
        0.00980392156862745,
        0.07647058823529411,
        0.00980392156862745
      ],
      [
        0.9518304431599229,
        0.009633911368015413,
        0.009633911368015413,
        0.009633911368015413,
        0.009633911368015413,
        0.009633911368015413
      ],
      [
        0.9514563106796116,
        0.009708737864077669,
        0.009708737864077669,
        0.009708737864077669,
        0.009708737864077669,
        0.009708737864077669
      ]
    ],
    [
      [
        0.9514563106796116,
        0.009708737864077669,
        0.009708737864077669,
        0.009708737864077669,
        0.009708737864077669,
        0.009708737864077669
      ],
      [
        0.8693069306930693,
        0.011881188118811881,
        0.01782178217821782,
        0.009900990099009901,
        0.08118811881188119,
        0.009900990099009901
      ],
      [
        0.045098039215686274,
        0.058823529411764705,
        0.00980392156862745,
        0.021568627450980392,
        0.8549019607843137,
        0.00980392156862745
      ],
      [
        0.0392156862745098,
        0.13725490196078433,
        0.00980392156862745,
        0.01568627450980392,
        0.7882352941176471,
        0.00980392156862745
      ],
      [
        0.7917485265225933,
        0.021611001964636542,
        0.019646365422396856,
        0.009823182711198428,
        0.14734774066797643,
        0.009823182711198428
      ],
      [
        0.04142011834319527,
        0.03550295857988165,
        0.08481262327416172,
        0.009861932938856016,
        0.8185404339250493,
        0.009861932938856016
      ],
      [
        0.7980392156862745,
        0.013725490196078431,
        0.10588235294117647,
        0.00980392156862745,
        0.06274509803921569,
        0.00980392156862745
      ],
      [
        0.7201565557729941,
        0.14285714285714285,
        0.009784735812133072,
        0.009784735812133072,
        0.10763209393346379,
        0.009784735812133072
      ],
      [
        0.7699805068226121,
        0.025341130604288498,
        0.009746588693957114,
        0.009746588693957114,
        0.17543859649122806,
        0.009746588693957114
      ],
      [
        0.7095516569200779,
        0.14230019493177387,
        0.009746588693957114,
        0.009746588693957114,
        0.1189083820662768,
        0.009746588693957114
      ],
      [
        0.8213592233009708,
        0.10097087378640776,
        0.009708737864077669,
        0.009708737864077669,
        0.04854368932038835,
        0.009708737864077669
      ],
      [
        0.8401559454191033,
        0.07017543859649122,
        0.009746588693957114,
        0.009746588693957114,
        0.06042884990253411,
        0.009746588693957114
      ],
      [
        0.8764705882352941,
        0.06470588235294118,
        0.00980392156862745,
        0.011764705882352941,
        0.027450980392156862,
        0.00980392156862745
      ],
      [
        0.7705882352941177,
        0.17254901960784313,
        0.00980392156862745,
        0.01568627450980392,
        0.021568627450980392,
        0.00980392156862745
      ],
      [
        0.8568627450980392,
        0.09019607843137255,
        0.00980392156862745,
        0.01764705882352941,
        0.01568627450980392,
        0.00980392156862745
      ],
      [
        0.8490196078431372,
        0.09019607843137255,
        0.00980392156862745,
        0.025490196078431372,
        0.01568627450980392,
        0.00980392156862745
      ],
      [
        0.009671179883945842,
        0.9477756286266924,
        0.009671179883945842,
        0.013539651837524178,
        0.009671179883945842,
        0.009671179883945842
      ],
      [
        0.025490196078431372,
        0.10196078431372549,
        0.00980392156862745,
        0.00980392156862745,
        0.8431372549019608,
        0.00980392156862745
      ],
      [
        0.7582846003898636,
        0.13840155945419103,
        0.009746588693957114,
        0.009746588693957114,
        0.07407407407407407,
        0.009746588693957114
      ],
      [
        0.05048543689320388,
        0.0912621359223301,
        0.009708737864077669,
        0.009708737864077669,
        0.8291262135922329,
        0.009708737864077669
      ],
      [
        0.8849902534113061,
        0.033138401559454196,
        0.009746588693957114,
        0.009746588693957114,
        0.05263157894736842,
        0.009746588693957114
      ],
      [
        0.03333333333333333,
        0.08431372549019607,
        0.00980392156862745,
        0.021568627450980392,
        0.8411764705882353,
        0.00980392156862745
      ],
      [
        0.8323586744639376,
        0.03898635477582846,
        0.009746588693957114,
        0.009746588693957114,
        0.09941520467836257,
        0.009746588693957114
      ],
      [
        0.15098039215686274,
        0.07647058823529411,
        0.00980392156862745,
        0.03529411764705882,
        0.7176470588235294,
        0.00980392156862745
      ],
      [
        0.7509803921568627,
        0.058823529411764705,
        0.00980392156862745,
        0.013725490196078431,
        0.1568627450980392,
        0.00980392156862745
      ],
      [
        0.8568627450980392,
        0.043137254901960784,
        0.00980392156862745,
        0.03725490196078431,
        0.043137254901960784,
        0.00980392156862745
      ],
      [
        0.025490196078431372,
        0.8862745098039215,
        0.00980392156862745,
        0.0196078431372549,
        0.049019607843137254,
        0.00980392156862745
      ],
      [
        0.5607843137254901,
        0.1764705882352941,
        0.00980392156862745,
        0.027450980392156862,
        0.21568627450980393,
        0.00980392156862745
      ],
      [
        0.142578125,
        0.025390625,
        0.009765625,
        0.009765625,
        0.8027343749999999,
        0.009765625
      ],
      [
        0.09411764705882353,
        0.09803921568627451,
        0.00980392156862745,
        0.013725490196078431,
        0.7745098039215687,
        0.00980392156862745
      ],
      [
        0.6831683168316831,
        0.011881188118811881,
        0.11287128712871287,
        0.009900990099009901,
        0.17227722772277226,
        0.009900990099009901
      ],
      [
        0.6099009900990099,
        0.0297029702970297,
        0.08712871287128712,
        0.013861386138613862,
        0.2495049504950495,
        0.009900990099009901
      ],
      [
        0.9514563106796116,
        0.009708737864077669,
        0.009708737864077669,
        0.009708737864077669,
        0.009708737864077669,
        0.009708737864077669
      ],
      [
        0.6023622047244094,
        0.015748031496062992,
        0.15748031496062992,
        0.00984251968503937,
        0.2047244094488189,
        0.00984251968503937
      ],
      [
        0.03732809430255402,
        0.021611001964636542,
        0.1768172888015717,
        0.009823182711198428,
        0.7445972495088409,
        0.009823182711198428
      ],
      [
        0.058823529411764705,
        0.11764705882352941,
        0.00980392156862745,
        0.01764705882352941,
        0.7862745098039216,
        0.00980392156862745
      ],
      [
        0.7098039215686274,
        0.12156862745098039,
        0.00980392156862745,
        0.0196078431372549,
        0.12941176470588237,
        0.00980392156862745
      ],
      [
        0.696078431372549,
        0.1588235294117647,
        0.00980392156862745,
        0.023529411764705882,
        0.10196078431372549,
        0.00980392156862745
      ],
      [
        0.053465346534653464,
        0.01782178217821782,
        0.06732673267326733,
        0.013861386138613862,
        0.8376237623762376,
        0.009900990099009901
      ],
      [
        0.9514563106796116,
        0.009708737864077669,
        0.009708737864077669,
        0.009708737864077669,
        0.009708737864077669,
        0.009708737864077669
      ]
    ],
    [
      [
        0.9514563106796116,
        0.009708737864077669,
        0.009708737864077669,
        0.009708737864077669,
        0.009708737864077669,
        0.009708737864077669
      ],
      [
        0.8458498023715415,
        0.009881422924901186,
        0.011857707509881424,
        0.023715415019762848,
        0.09881422924901186,
        0.009881422924901186
      ],
      [
        0.8137254901960784,
        0.07647058823529411,
        0.00980392156862745,
        0.01568627450980392,
        0.07450980392156863,
        0.00980392156862745
      ],
      [
        0.732421875,
        0.123046875,
        0.009765625,
        0.009765625,
        0.11523437499999999,
        0.009765625
      ],
      [
        0.7725490196078432,
        0.03529411764705882,
        0.00980392156862745,
        0.00980392156862745,
        0.1627450980392157,
        0.00980392156862745
      ],
      [
        0.09411764705882353,
        0.08823529411764705,
        0.00980392156862745,
        0.01568627450980392,
        0.7823529411764706,
        0.00980392156862745
      ],
      [
        0.00980392156862745,
        0.9313725490196078,
        0.00980392156862745,
        0.029411764705882353,
        0.00980392156862745,
        0.00980392156862745
      ],
      [
        0.7235294117647059,
        0.14705882352941177,
        0.00980392156862745,
        0.00980392156862745,
        0.09999999999999999,
        0.00980392156862745
      ],
      [
        0.095703125,
        0.021484375,
        0.009765625,
        0.009765625,
        0.853515625,
        0.009765625
      ],
      [
        0.049019607843137254,
        0.1196078431372549,
        0.00980392156862745,
        0.011764705882352941,
        0.7999999999999999,
        0.00980392156862745
      ],
      [
        0.03125,
        0.10546875,
        0.009765625,
        0.009765625,
