{
  "prediction": [
    [
      [
        0.9514563106796116,
        0.009708737864077669,
        0.009708737864077669,
        0.009708737864077669,
        0.009708737864077669,
        0.009708737864077669
      ],
      [
        0.9514563106796116,
        0.009708737864077669,
        0.009708737864077669,
        0.009708737864077669,
        0.009708737864077669,
        0.009708737864077669
      ],
      [
        0.9514563106796116,
        0.009708737864077669,
        0.009708737864077669,
        0.009708737864077669,
        0.009708737864077669,
        0.009708737864077669
      ],
      [
        0.9514563106796116,
        0.009708737864077669,
        0.009708737864077669,
        0.009708737864077669,
        0.009708737864077669,
        0.009708737864077669
      ],
      [
        0.9514563106796116,
        0.009708737864077669,
        0.009708737864077669,
        0.009708737864077669,
        0.009708737864077669,
        0.009708737864077669
      ],
      [
        0.9514563106796116,
        0.009708737864077669,
        0.009708737864077669,
        0.009708737864077669,
        0.009708737864077669,
        0.009708737864077669
      ],
      [
        0.9514563106796116,
        0.009708737864077669,
        0.009708737864077669,
        0.009708737864077669,
        0.009708737864077669,
        0.009708737864077669
      ],
      [
        0.9514563106796116,
        0.009708737864077669,
        0.009708737864077669,
        0.009708737864077669,
        0.009708737864077669,
        0.009708737864077669
      ],
      [
        0.9514563106796116,
        0.009708737864077669,
        0.009708737864077669,
        0.009708737864077669,
        0.009708737864077669,
        0.009708737864077669
      ],
      [
        0.9514563106796116,
        0.009708737864077669,
        0.009708737864077669,
        0.009708737864077669,
        0.009708737864077669,
        0.009708737864077669
      ],
      [
        0.9514563106796116,
        0.009708737864077669,
        0.009708737864077669,
        0.009708737864077669,
        0.009708737864077669,
        0.009708737864077669
      ],
      [
        0.9514563106796116,
        0.009708737864077669,
        0.009708737864077669,
        0.009708737864077669,
        0.009708737864077669,
        0.009708737864077669
      ],
      [
        0.9514563106796116,
        0.009708737864077669,
        0.009708737864077669,
        0.009708737864077669,
        0.009708737864077669,
        0.009708737864077669
      ],
      [
        0.9514563106796116,
        0.009708737864077669,
        0.009708737864077669,
        0.009708737864077669,
        0.009708737864077669,
        0.009708737864077669
      ],
      [
        0.9514563106796116,
        0.009708737864077669,
        0.009708737864077669,
        0.009708737864077669,
        0.009708737864077669,
        0.009708737864077669
      ],
      [
        0.9514563106796116,
        0.009708737864077669,
        0.009708737864077669,
        0.009708737864077669,
        0.009708737864077669,
        0.009708737864077669
      ],
      [
        0.9514563106796116,
        0.009708737864077669,
        0.009708737864077669,
        0.009708737864077669,
        0.009708737864077669,
        0.009708737864077669
      ],
      [
        0.9514563106796116,
        0.009708737864077669,
        0.009708737864077669,
        0.009708737864077669,
        0.009708737864077669,
        0.009708737864077669
      ],
      [
        0.9514563106796116,
        0.009708737864077669,
        0.009708737864077669,
        0.009708737864077669,
        0.009708737864077669,
        0.009708737864077669
      ],
      [
        0.9514563106796116,
        0.009708737864077669,
        0.009708737864077669,
        0.009708737864077669,
        0.009708737864077669,
        0.009708737864077669
      ],
      [
        0.9514563106796116,
        0.009708737864077669,
        0.009708737864077669,
        0.009708737864077669,
        0.009708737864077669,
        0.009708737864077669
      ],
      [
        0.9514563106796116,
        0.009708737864077669,
        0.009708737864077669,
        0.009708737864077669,
        0.009708737864077669,
        0.009708737864077669
      ],
      [
        0.9514563106796116,
        0.009708737864077669,
        0.009708737864077669,
        0.009708737864077669,
        0.009708737864077669,
        0.009708737864077669
      ],
      [
        0.9514563106796116,
        0.009708737864077669,
        0.009708737864077669,
        0.009708737864077669,
        0.009708737864077669,
        0.009708737864077669
      ],
      [
        0.9514563106796116,
        0.009708737864077669,
        0.009708737864077669,
        0.009708737864077669,
        0.009708737864077669,
        0.009708737864077669
      ],
      [
        0.9514563106796116,
        0.009708737864077669,
        0.009708737864077669,
        0.009708737864077669,
        0.009708737864077669,
        0.009708737864077669
      ],
      [
        0.9514563106796116,
        0.009708737864077669,
        0.009708737864077669,
        0.009708737864077669,
        0.009708737864077669,
        0.009708737864077669
      ],
      [
        0.9514563106796116,
        0.009708737864077669,
        0.009708737864077669,
        0.009708737864077669,
        0.009708737864077669,
        0.009708737864077669
      ],
      [
        0.9514563106796116,
        0.009708737864077669,
        0.009708737864077669,
        0.009708737864077669,
        0.009708737864077669,
        0.009708737864077669
      ],
      [
        0.9514563106796116,
        0.009708737864077669,
        0.009708737864077669,
        0.009708737864077669,
        0.009708737864077669,
        0.009708737864077669
      ],
      [
        0.9514563106796116,
        0.009708737864077669,
        0.009708737864077669,
        0.009708737864077669,
        0.009708737864077669,
        0.009708737864077669
      ],
      [
        0.9514563106796116,
        0.009708737864077669,
        0.009708737864077669,
        0.009708737864077669,
        0.009708737864077669,
        0.009708737864077669
      ],
      [
        0.9514563106796116,
        0.009708737864077669,
        0.009708737864077669,
        0.009708737864077669,
        0.009708737864077669,
        0.009708737864077669
      ],
      [
        0.9514563106796116,
        0.009708737864077669,
        0.009708737864077669,
        0.009708737864077669,
        0.009708737864077669,
        0.009708737864077669
      ],
      [
        0.9514563106796116,
        0.009708737864077669,
        0.009708737864077669,
        0.009708737864077669,
        0.009708737864077669,
        0.009708737864077669
      ],
      [
        0.9514563106796116,
        0.009708737864077669,
        0.009708737864077669,
        0.009708737864077669,
        0.009708737864077669,
        0.009708737864077669
      ],
      [
        0.9514563106796116,
        0.009708737864077669,
        0.009708737864077669,
        0.009708737864077669,
        0.009708737864077669,
        0.009708737864077669
      ],
      [
        0.9514563106796116,
        0.009708737864077669,
        0.009708737864077669,
        0.009708737864077669,
        0.009708737864077669,
        0.009708737864077669
      ],
      [
        0.9514563106796116,
        0.009708737864077669,
        0.009708737864077669,
        0.009708737864077669,
        0.009708737864077669,
        0.009708737864077669
      ],
      [
        0.9514563106796116,
        0.009708737864077669,
        0.009708737864077669,
        0.009708737864077669,
        0.009708737864077669,
        0.009708737864077669
      ]
    ],
    [
      [
        0.9514563106796116,
        0.009708737864077669,
        0.009708737864077669,
        0.009708737864077669,
        0.009708737864077669,
        0.009708737864077669
      ],
      [
        0.8441814595660749,
        0.029585798816568046,
        0.013806706114398421,
        0.009861932938856016,
        0.09270216962524655,
        0.009861932938856016
      ],
      [
        0.055445544554455446,
        0.03762376237623762,
        0.01782178217821782,
        0.013861386138613862,
        0.8653465346534653,
        0.009900990099009901
      ],
      [
        0.04356435643564356,
        0.04950495049504951,
        0.07524752475247524,
        0.015841584158415842,
        0.8059405940594059,
        0.009900990099009901
      ],
      [
        0.782178217821782,
        0.03168316831683168,
        0.06732673267326732,
        0.0099009900990099,
        0.09900990099009899,
        0.0099009900990099
      ],
      [
        0.8178217821782178,
        0.039603960396039604,
        0.04554455445544554,
        0.009900990099009901,
        0.07722772277227723,
        0.009900990099009901
      ],
      [
        0.1801980198019802,
        0.13465346534653466,
        0.03564356435643564,
        0.0297029702970297,
        0.6099009900990099,
        0.009900990099009901
      ],
      [
        0.7326732673267327,
        0.07920792079207921,
        0.05148514851485148,
        0.02574257425742574,
        0.10099009900990098,
        0.009900990099009901
      ],
      [
        0.8257425742574257,
        0.04950495049504951,
        0.039603960396039604,
        0.009900990099009901,
        0.06534653465346535,
        0.009900990099009901
      ],
      [
        0.8,
        0.02574257425742574,
        0.08118811881188119,
        0.013861386138613862,
        0.06930693069306931,
        0.009900990099009901
      ],
      [
        0.03762376237623762,
        0.047524752475247525,
        0.0594059405940594,
        0.011881188118811881,
        0.8336633663366336,
        0.009900990099009901
      ],
      [
        0.7980198019801978,
        0.045544554455445536,
        0.05346534653465345,
        0.011881188118811878,
        0.08118811881188118,
        0.0099009900990099
      ],
      [
        0.8831683168316832,
        0.06336633663366337,
        0.011881188118811881,
        0.019801980198019802,
        0.011881188118811881,
        0.009900990099009901
      ],
      [
        0.9447731755424063,
        0.015779092702169626,
        0.009861932938856016,
        0.009861932938856016,
        0.009861932938856016,
        0.009861932938856016
      ],
      [
        0.9330708661417322,
        0.011811023622047244,
        0.013779527559055118,
        0.00984251968503937,
        0.021653543307086614,
        0.00984251968503937
      ],
      [
        0.009765625,
        0.009765625,
        0.015625,
        0.009765625,
        0.9453125,
        0.009765625
      ],
      [
        0.02952755905511811,
        0.025590551181102362,
        0.08464566929133857,
        0.00984251968503937,
        0.8405511811023622,
        0.00984251968503937
      ],
      [
        0.7267326732673267,
        0.039603960396039604,
        0.07920792079207921,
        0.013861386138613862,
        0.1306930693069307,
        0.009900990099009901
      ],
      [
        0.7920792079207919,
        0.06336633663366335,
        0.027722772277227716,
        0.0396039603960396,
        0.06732673267326732,
        0.0099009900990099
      ],
      [
        0.7267326732673267,
        0.06336633663366337,
        0.041584158415841586,
        0.015841584158415842,
        0.14257425742574256,
        0.009900990099009901
      ],
      [
        0.07722772277227723,
        0.06336633663366337,
        0.03564356435643564,
        0.015841584158415842,
        0.7980198019801981,
        0.009900990099009901
      ],
      [
        0.7306930693069307,
        0.053465346534653464,
        0.07326732673267326,
        0.011881188118811881,
        0.12079207920792079,
        0.009900990099009901
      ],
      [
        0.06930693069306931,
        0.07524752475247524,
        0.06732673267326733,
        0.02574257425742574,
        0.7524752475247525,
        0.009900990099009901
      ],
      [
        0.8732673267326733,
        0.023762376237623763,
        0.019801980198019802,
        0.009900990099009901,
        0.06336633663366337,
        0.009900990099009901
      ],
      [
        0.8619329388560157,
        0.0710059171597633,
        0.009861932938856016,
        0.027613412228796843,
        0.01972386587771203,
        0.009861932938856016
      ],
      [
        0.8633663366336634,
        0.061386138613861385,
        0.019801980198019802,
        0.02574257425742574,
        0.019801980198019802,
        0.009900990099009901
      ],
      [
        0.8811881188118812,
        0.04554455445544554,
        0.013861386138613862,
        0.02574257425742574,
        0.023762376237623763,
        0.009900990099009901
      ],
      [
        0.8495049504950495,
        0.061386138613861385,
        0.01782178217821782,
        0.033663366336633666,
        0.027722772277227723,
        0.009900990099009901
      ],
      [
        0.8217821782178217,
        0.031683168316831684,
        0.03762376237623762,
        0.019801980198019802,
        0.07920792079207921,
        0.009900990099009901
      ],
      [
        0.15810276679841898,
        0.02766798418972332,
        0.009881422924901186,
        0.02766798418972332,
        0.766798418972332,
        0.009881422924901186
      ],
      [
        0.9514563106796116,
        0.009708737864077669,
        0.009708737864077669,
        0.009708737864077669,
        0.009708737864077669,
        0.009708737864077669
      ],
      [
        0.9514563106796116,
        0.009708737864077669,
        0.009708737864077669,
        0.009708737864077669,
        0.009708737864077669,
        0.009708737864077669
      ],
      [
        0.9514563106796116,
        0.009708737864077669,
        0.009708737864077669,
        0.009708737864077669,
        0.009708737864077669,
        0.009708737864077669
      ],
      [
        0.9514563106796116,
        0.009708737864077669,
        0.009708737864077669,
        0.009708737864077669,
        0.009708737864077669,
        0.009708737864077669
      ],
      [
        0.9514563106796116,
        0.009708737864077669,
        0.009708737864077669,
        0.009708737864077669,
        0.009708737864077669,
        0.009708737864077669
      ],
      [
        0.9514563106796116,
        0.009708737864077669,
        0.009708737864077669,
        0.009708737864077669,
        0.009708737864077669,
        0.009708737864077669
      ],
      [
        0.8428290766208251,
        0.009823182711198428,
        0.10412573673870333,
        0.023575638506876228,
        0.009823182711198428,
        0.009823182711198428
      ],
      [
        0.86328125,
        0.009765625,
        0.08398437499999999,
        0.0234375,
        0.009765625,
        0.009765625
      ],
      [
        0.9382239382239381,
        0.009652509652509652,
        0.023166023166023165,
        0.009652509652509652,
        0.009652509652509652,
        0.009652509652509652
      ],
      [
        0.9514563106796116,
        0.009708737864077669,
        0.009708737864077669,
        0.009708737864077669,
        0.009708737864077669,
        0.009708737864077669
      ]
    ],
    [
      [
        0.9514563106796116,
        0.009708737864077669,
        0.009708737864077669,
        0.009708737864077669,
        0.009708737864077669,
        0.009708737864077669
      ],
      [
        0.8099009900990098,
        0.047524752475247525,
        0.01782178217821782,
        0.019801980198019802,
        0.09504950495049505,
        0.009900990099009901
      ],
      [
        0.7607843137254902,
        0.1588235294117647,
        0.00980392156862745,
        0.01568627450980392,
        0.045098039215686274,
        0.00980392156862745
      ],
      [
        0.7660818713450293,
        0.14814814814814814,
        0.009746588693957114,
        0.009746588693957114,
        0.05653021442495127,
        0.009746588693957114
      ],
      [
        0.04296875,
        0.13867187499999997,
        0.009765625,
        0.009765625,
        0.7890625,
        0.009765625
      ],
      [
        0.76953125,
        0.11523437499999999,
        0.009765625,
        0.009765625,
        0.0859375,
        0.009765625
      ],
      [
        0.7117647058823529,
        0.11176470588235295,
        0.00980392156862745,
        0.01568627450980392,
        0.1411764705882353,
        0.00980392156862745
      ],
      [
        0.6666666666666667,
        0.15294117647058822,
        0.00980392156862745,
        0.01764705882352941,
        0.14313725490196078,
        0.00980392156862745
      ],
      [
        0.7495107632093934,
        0.11937377690802348,
        0.009784735812133072,
        0.009784735812133072,
        0.10176125244618395,
        0.009784735812133072
      ],
      [
        0.06274509803921569,
        0.13137254901960785,
        0.00980392156862745,
        0.00980392156862745,
        0.7764705882352941,
        0.00980392156862745
      ],
      [
        0.041176470588235294,
        0.14705882352941177,
        0.00980392156862745,
        0.011764705882352941,
        0.7803921568627451,
        0.00980392156862745
      ],
      [
        0.7725490196078432,
        0.11764705882352941,
        0.00980392156862745,
        0.011764705882352941,
        0.0784313725490196,
        0.00980392156862745
      ],
      [
        0.8333333333333333,
        0.09999999999999999,
        0.00980392156862745,
        0.01568627450980392,
        0.03137254901960784,
        0.00980392156862745
      ],
      [
        0.7901960784313726,
        0.10392156862745097,
        0.00980392156862745,
        0.00980392156862745,
        0.07647058823529411,
        0.00980392156862745
      ],
      [
        0.7898832684824904,
        0.1245136186770428,
        0.009727626459143969,
        0.009727626459143969,
        0.05642023346303502,
        0.009727626459143969
      ],
      [
        0.0311284046692607,
        0.1245136186770428,
        0.009727626459143969,
        0.009727626459143969,
        0.8151750972762646,
        0.009727626459143969
      ],
      [
        0.03326810176125245,
        0.24266144814090018,
        0.009784735812133072,
        0.009784735812133072,
        0.694716242661448,
        0.009784735812133072
      ],
      [
        0.6,
        0.19019607843137254,
        0.00980392156862745,
        0.011764705882352941,
        0.1784313725490196,
        0.00980392156862745
      ],
      [
        0.6431372549019608,
        0.06274509803921569,
        0.00980392156862745,
        0.013725490196078431,
        0.2607843137254902,
        0.00980392156862745
      ],
      [
        0.009523809523809523,
        0.9523809523809523,
        0.009523809523809523,
        0.009523809523809523,
        0.009523809523809523,
        0.009523809523809523
      ],
      [
        0.7421875,
        0.037109375,
        0.009765625,
        0.009765625,
        0.19140625,
        0.009765625
      ],
      [
        0.09375,
        0.037109375,
        0.009765625,
        0.009765625,
        0.83984375,
        0.009765625
      ],
      [
        0.69140625,
        0.1484375,
        0.009765625,
        0.009765625,
        0.130859375,
        0.009765625
      ],
      [
        0.84375,
        0.080078125,
        0.009765625,
        0.009765625,
        0.046875,
        0.009765625
      ],
      [
        0.7549019607843137,
        0.13137254901960785,
        0.00980392156862745,
        0.0196078431372549,
        0.07450980392156863,
        0.00980392156862745
      ],
      [
        0.7980392156862745,
        0.12352941176470589,
        0.00980392156862745,
        0.00980392156862745,
        0.049019607843137254,
        0.00980392156862745
      ],
      [
        0.7686274509803922,
        0.09803921568627451,
        0.00980392156862745,
        0.027450980392156862,
        0.08627450980392157,
        0.00980392156862745
      ],
      [
        0.7411764705882353,
        0.13137254901960785,
        0.00980392156862745,
        0.01568627450980392,
        0.09215686274509803,
        0.00980392156862745
      ],
      [
        0.76171875,
        0.13867187499999997,
        0.009765625,
        0.009765625,
        0.0703125,
        0.009765625
      ],
      [
        0.7683168316831683,
        0.031683168316831684,
        0.08118811881188119,
        0.013861386138613862,
        0.09504950495049505,
        0.009900990099009901
      ],
      [
        0.7578740157480315,
        0.023622047244094488,
        0.09251968503937008,
        0.00984251968503937,
        0.10629921259842519,
        0.00984251968503937
      ],
      [
        0.06930693069306931,
        0.04356435643564356,
        0.0891089108910891,
        0.01782178217821782,
        0.7702970297029703,
        0.009900990099009901
      ],
      [
        0.7900990099009901,
        0.009900990099009901,
        0.1188118811881188,
        0.015841584158415842,
        0.055445544554455446,
        0.009900990099009901
      ],
      [
        0.8356435643564356,
        0.009900990099009901,
        0.11683168316831682,
        0.013861386138613862,
        0.013861386138613862,
        0.009900990099009901
      ],
      [
        0.8165680473372781,
        0.01972386587771203,
        0.126232741617357,
        0.017751479289940825,
        0.009861932938856016,
        0.009861932938856016
      ],
      [
        0.9514563106796116,
        0.009708737864077669,
        0.009708737864077669,
        0.009708737864077669,
        0.009708737864077669,
        0.009708737864077669
      ],
      [
        0.7999999999999999,
        0.00980392156862745,
        0.11372549019607843,
        0.00980392156862745,
        0.056862745098039215,
        0.00980392156862745
      ],
      [
        0.8352941176470587,
        0.056862745098039215,
        0.00980392156862745,
        0.025490196078431372,
        0.06274509803921569,
        0.00980392156862745
      ],
      [
        0.9244186046511628,
        0.009689922480620155,
        0.036821705426356585,
        0.009689922480620155,
        0.009689922480620155,
        0.009689922480620155
      ],
      [
        0.9514563106796116,
        0.009708737864077669,
        0.009708737864077669,
        0.009708737864077669,
        0.009708737864077669,
        0.009708737864077669
      ]
    ],
    [
      [
        0.9514563106796116,
        0.009708737864077669,
        0.009708737864077669,
        0.009708737864077669,
        0.009708737864077669,
        0.009708737864077669
      ],
      [
        0.8653465346534653,
        0.05742574257425743,
        0.013861386138613862,
        0.02574257425742574,
        0.027722772277227723,
        0.009900990099009901
      ],
      [
        0.8039215686274509,
        0.09411764705882353,
        0.00980392156862745,
        0.01764705882352941,
        0.06470588235294118,
        0.00980392156862745
      ],
      [
        0.03529411764705882,
        0.11764705882352941,
        0.00980392156862745,
        0.0196078431372549,
        0.8078431372549019,
        0.00980392156862745
      ],
      [
        0.04678362573099415,
        0.13255360623781678,
        0.009746588693957114,
        0.009746588693957114,
        0.7914230019493178,
        0.009746588693957114
      ],
      [
        0.7592954990215264,
        0.11154598825831703,
        0.009784735812133072,
        0.009784735812133072,
        0.09980430528375733,
        0.009784735812133072
      ],
      [
        0.6666666666666667,
        0.1196078431372549,
        0.00980392156862745,
        0.01568627450980392,
        0.1784313725490196,
        0.00980392156862745
      ],
      [
        0.6705882352941177,
        0.15098039215686274,
        0.00980392156862745,
        0.011764705882352941,
        0.14705882352941177,
        0.00980392156862745
      ],
      [
        0.7882352941176471,
        0.09019607843137255,
        0.00980392156862745,
        0.00980392156862745,
        0.09215686274509803,
        0.00980392156862745
      ],
      [
        0.771484375,
        0.13671875,
        0.009765625,
        0.009765625,
        0.0625,
        0.009765625
      ],
      [
        0.7529411764705882,
        0.13921568627450978,
        0.00980392156862745,
        0.00980392156862745,
        0.0784313725490196,
        0.00980392156862745
      ],
      [
        0.7485380116959064,
        0.12280701754385964,
        0.009746588693957114,
        0.009746588693957114,
        0.09941520467836257,
        0.009746588693957114
      ],
      [
        0.7686274509803922,
        0.10784313725490197,
        0.00980392156862745,
        0.01568627450980392,
        0.08823529411764705,
        0.00980392156862745
      ],
      [
        0.776908023483366,
        0.10763209393346379,
        0.009784735812133072,
        0.009784735812133072,
        0.08610567514677103,
        0.009784735812133072
      ],
      [
        0.043137254901960784,
        0.12352941176470589,
        0.00980392156862745,
        0.01568627450980392,
        0.7980392156862745,
        0.00980392156862745
      ],
      [
        0.037037037037037035,
        0.08187134502923978,
        0.009746588693957114,
        0.009746588693957114,
        0.8518518518518519,
        0.009746588693957114
      ],
      [
        0.6360078277886497,
        0.18786692759295498,
        0.009784735812133072,
        0.009784735812133072,
        0.14677103718199608,
        0.009784735812133072
      ],
      [
        0.13921568627450978,
        0.045098039215686274,
        0.00980392156862745,
        0.01568627450980392,
        0.7803921568627451,
        0.00980392156862745
      ],
      [
        0.1588235294117647,
        0.03333333333333333,
        0.00980392156862745,
        0.013725490196078431,
        0.7745098039215687,
        0.00980392156862745
      ],
      [
        0.6086105675146771,
        0.060665362035225046,
        0.009784735812133072,
        0.009784735812133072,
        0.3013698630136986,
        0.009784735812133072
      ],
      [
        0.7,
        0.047058823529411764,
        0.00980392156862745,
        0.01764705882352941,
        0.21568627450980393,
        0.00980392156862745
      ],
      [
        0.7274509803921568,
        0.047058823529411764,
        0.00980392156862745,
        0.01568627450980392,
        0.19019607843137254,
        0.00980392156862745
      ],
      [
        0.08219178082191782,
        0.1095890410958904,
        0.009784735812133072,
        0.009784735812133072,
        0.7788649706457926,
        0.009784735812133072
      ],
      [
        0.7504873294346979,
        0.13060428849902533,
        0.009746588693957114,
        0.009746588693957114,
        0.08966861598440545,
        0.009746588693957114
      ],
      [
        0.680392156862745,
        0.18235294117647058,
        0.00980392156862745,
        0.00980392156862745,
        0.10784313725490197,
        0.00980392156862745
      ],
      [
        0.058823529411764705,
        0.10980392156862745,
        0.00980392156862745,
        0.011764705882352941,
        0.7999999999999999,
        0.00980392156862745
      ],
      [
        0.7181996086105675,
        0.17221135029354206,
        0.009784735812133072,
        0.009784735812133072,
        0.08023483365949119,
        0.009784735812133072
      ],
      [
        0.009708737864077669,
        0.9339805825242717,
        0.009708737864077669,
        0.027184466019417475,
        0.009708737864077669,
        0.009708737864077669
      ],
      [
        0.047058823529411764,
        0.10784313725490197,
        0.00980392156862745,
        0.03137254901960784,
        0.7941176470588236,
        0.00980392156862745
      ],
      [
        0.7745098039215687,
        0.09411764705882353,
        0.00980392156862745,
        0.01568627450980392,
        0.09607843137254903,
        0.00980392156862745
      ],
      [
        0.7705882352941177,
        0.10980392156862745,
        0.00980392156862745,
        0.01568627450980392,
        0.08431372549019607,
        0.00980392156862745
      ],
      [
        0.7666666666666667,
        0.13921568627450978,
        0.00980392156862745,
        0.00980392156862745,
        0.06470588235294118,
        0.00980392156862745
      ],
      [
        0.8019607843137254,
        0.07647058823529411,
        0.00980392156862745,
        0.011764705882352941,
        0.09019607843137255,
        0.00980392156862745
      ],
      [
        0.8274509803921568,
        0.09411764705882353,
        0.00980392156862745,
        0.00980392156862745,
        0.049019607843137254,
        0.00980392156862745
      ],
      [
        0.8455445544554455,
        0.019801980198019802,
        0.10495049504950495,
        0.009900990099009901,
        0.009900990099009901,
        0.009900990099009901
      ],
      [
        0.9514563106796116,
        0.009708737864077669,
        0.009708737864077669,
        0.009708737864077669,
        0.009708737864077669,
        0.009708737864077669
      ],
      [
        0.7745098039215687,
        0.00980392156862745,
        0.1411764705882353,
        0.00980392156862745,
        0.054901960784313725,
        0.00980392156862745
      ],
      [
        0.015625,
        0.009765625,
        0.126953125,
        0.009765625,
        0.828125,
        0.009765625
      ],
      [
        0.9382239382239381,
        0.009652509652509652,
        0.023166023166023165,
        0.009652509652509652,
        0.009652509652509652,
        0.009652509652509652
      ],
      [
        0.9514563106796116,
        0.009708737864077669,
        0.009708737864077669,
        0.009708737864077669,
        0.009708737864077669,
        0.009708737864077669
      ]
    ],
    [
      [
        0.9514563106796116,
        0.009708737864077669,
        0.009708737864077669,
        0.009708737864077669,
        0.009708737864077669,
        0.009708737864077669
      ],
      [
        0.8495049504950495,
        0.07326732673267326,
        0.019801980198019802,
        0.0297029702970297,
        0.01782178217821782,
        0.009900990099009901
      ],
      [
        0.7686274509803922,
        0.13529411764705884,
        0.00980392156862745,
        0.01764705882352941,
        0.058823529411764705,
        0.00980392156862745
      ],
      [
        0.7647058823529412,
        0.13137254901960785,
        0.00980392156862745,
        0.011764705882352941,
        0.07254901960784313,
        0.00980392156862745
      ],
      [
        0.009541984732824428,
        0.9522900763358778,
        0.009541984732824428,
        0.009541984732824428,
        0.009541984732824428,
        0.009541984732824428
      ],
      [
        0.7680311890838207,
        0.11111111111111112,
        0.009746588693957114,
        0.009746588693957114,
        0.09161793372319688,
        0.009746588693957114
      ],
      [
        0.10784313725490197,
        0.13921568627450978,
        0.00980392156862745,
        0.025490196078431372,
        0.7078431372549019,
        0.00980392156862745
      ],
      [
        0.6777343749999999,
        0.130859375,
        0.009765625,
        0.009765625,
        0.162109375,
        0.009765625
      ],
      [
        0.041176470588235294,
        0.09215686274509803,
        0.00980392156862745,
        0.03333333333333333,
        0.8137254901960784,
        0.00980392156862745
      ],
      [
        0.009560229445506692,
        0.9521988527724665,
        0.009560229445506692,
        0.009560229445506692,
        0.009560229445506692,
        0.009560229445506692
      ],
      [
        0.09411764705882353,
        0.1196078431372549,
        0.00980392156862745,
        0.011764705882352941,
        0.7549019607843137,
        0.00980392156862745
      ],
      [
        0.7725490196078432,
        0.11764705882352941,
        0.00980392156862745,
        0.011764705882352941,
        0.0784313725490196,
        0.00980392156862745
      ],
      [
        0.058823529411764705,
        0.13137254901960785,
        0.00980392156862745,
        0.013725490196078431,
        0.7764705882352941,
        0.00980392156862745
      ],
      [
        0.7196078431372549,
        0.16666666666666669,
        0.00980392156862745,
        0.011764705882352941,
        0.08235294117647059,
        0.00980392156862745
      ],
      [
        0.7431372549019608,
        0.12156862745098039,
        0.00980392156862745,
        0.01764705882352941,
        0.09803921568627451,
        0.00980392156862745
      ],
      [
        0.791015625,
        0.119140625,
        0.009765625,
        0.009765625,
        0.060546875,
        0.009765625
      ],
      [
        0.654368932038835,
        0.19999999999999998,
        0.009708737864077669,
        0.009708737864077669,
        0.11650485436893203,
        0.009708737864077669
      ],
      [
        0.12745098039215685,
        0.054901960784313725,
        0.00980392156862745,
        0.013725490196078431,
        0.7843137254901961,
        0.00980392156862745
      ],
      [
        0.10980392156862745,
        0.03137254901960784,
        0.00980392156862745,
        0.013725490196078431,
        0.8254901960784313,
        0.00980392156862745
      ],
      [
        0.6078431372549019,
        0.03137254901960784,
        0.00980392156862745,
        0.01764705882352941,
        0.3235294117647059,
        0.00980392156862745
      ],
      [
        0.09019607843137255,
        0.8313725490196078,
        0.00980392156862745,
        0.01764705882352941,
        0.041176470588235294,
        0.00980392156862745
      ],
      [
        0.664705882352941,
        0.04117647058823529,
        0.009803921568627449,
        0.015686274509803918,
        0.2588235294117647,
        0.009803921568627449
      ],
      [
        0.13333333333333333,
        0.045098039215686274,
        0.00980392156862745,
        0.01764705882352941,
        0.7843137254901961,
        0.00980392156862745
      ],
      [
        0.7563352826510721,
        0.07797270955165692,
        0.009746588693957114,
        0.009746588693957114,
        0.13645224171539963,
        0.009746588693957114
      ],
      [
        0.724609375,
        0.154296875,
        0.009765625,
        0.009765625,
        0.091796875,
        0.009765625
      ],
      [
        0.045098039215686274,
        0.09803921568627451,
        0.00980392156862745,
        0.01568627450980392,
        0.8215686274509804,
        0.00980392156862745
      ],
      [
        0.7313725490196078,
        0.14313725490196078,
        0.00980392156862745,
        0.011764705882352941,
        0.09411764705882353,
        0.00980392156862745
      ],
      [
        0.0784313725490196,
        0.09803921568627451,
        0.00980392156862745,
        0.023529411764705882,
        0.7803921568627451,
        0.00980392156862745
      ],
      [
        0.7274509803921568,
        0.14705882352941177,
        0.00980392156862745,
        0.00980392156862745,
        0.09607843137254903,
        0.00980392156862745
      ],
      [
        0.7803921568627451,
        0.09019607843137255,
        0.00980392156862745,
        0.01764705882352941,
        0.09215686274509803,
        0.00980392156862745
      ],
      [
        0.7980392156862745,
        0.10980392156862745,
        0.00980392156862745,
        0.03137254901960784,
        0.041176470588235294,
        0.00980392156862745
      ],
      [
        0.6745098039215686,
        0.1627450980392157,
        0.00980392156862745,
        0.01764705882352941,
        0.12549019607843137,
        0.00980392156862745
      ],
      [
        0.09999999999999999,
        0.13333333333333333,
        0.00980392156862745,
        0.01568627450980392,
        0.7313725490196078,
        0.00980392156862745
      ],
      [
        0.693359375,
        0.16015625,
        0.009765625,
        0.009765625,
        0.1171875,
        0.009765625
      ],
      [
        0.09306930693069307,
        0.04356435643564356,
        0.7287128712871287,
        0.023762376237623763,
        0.10099009900990098,
        0.009900990099009901
      ],
      [
        0.9514563106796116,
        0.009708737864077669,
        0.009708737864077669,
        0.009708737864077669,
        0.009708737864077669,
        0.009708737864077669
      ],
      [
        0.9514563106796116,
        0.009708737864077669,
        0.009708737864077669,
        0.009708737864077669,
        0.009708737864077669,
        0.009708737864077669
      ],
      [
        0.043222003929273084,
        0.02554027504911591,
        0.18860510805500982,
        0.009823182711198428,
        0.7229862475442043,
        0.009823182711198428
      ],
      [
        0.009708737864077669,
        0.009708737864077669,
        0.029126213592233007,
        0.009708737864077669,
        0.9320388349514562,
        0.009708737864077669
      ],
      [
        0.9514563106796116,
        0.009708737864077669,
        0.009708737864077669,
        0.009708737864077669,
        0.009708737864077669,
        0.009708737864077669
      ]
    ],
    [
      [
        0.9514563106796116,
        0.009708737864077669,
        0.009708737864077669,
        0.009708737864077669,
        0.009708737864077669,
        0.009708737864077669
      ],
      [
        0.8158415841584158,
        0.041584158415841586,
        0.03762376237623762,
        0.009900990099009901,
        0.08514851485148514,
        0.009900990099009901
      ],
      [
        0.7588235294117647,
        0.11764705882352941,
        0.00980392156862745,
        0.01764705882352941,
        0.08627450980392157,
        0.00980392156862745
      ],
      [
        0.7941176470588236,
        0.09019607843137255,
        0.00980392156862745,
        0.00980392156862745,
        0.08627450980392157,
        0.00980392156862745
      ],
      [
        0.12941176470588237,
        0.1568627450980392,
        0.00980392156862745,
        0.03529411764705882,
        0.6588235294117647,
        0.00980392156862745
      ],
      [
        0.6725490196078432,
        0.13725490196078433,
        0.00980392156862745,
        0.01568627450980392,
        0.15490196078431373,
        0.00980392156862745
      ],
      [
        0.6392156862745099,
        0.13921568627450978,
        0.00980392156862745,
        0.011764705882352941,
        0.19019607843137254,
        0.00980392156862745
      ],
      [
        0.5686274509803921,
        0.1588235294117647,
        0.00980392156862745,
        0.01568627450980392,
        0.2372549019607843,
        0.00980392156862745
      ],
      [
        0.0784313725490196,
        0.14313725490196078,
        0.00980392156862745,
        0.011764705882352941,
        0.7470588235294118,
        0.00980392156862745
      ],
      [
        0.6360078277886497,
        0.17025440313111545,
        0.009784735812133072,
        0.009784735812133072,
        0.16438356164383564,
        0.009784735812133072
      ],
      [
        0.6215686274509804,
        0.1607843137254902,
        0.00980392156862745,
        0.027450980392156862,
        0.17058823529411762,
        0.00980392156862745
      ],
      [
        0.7684824902723736,
        0.11089494163424124,
        0.009727626459143969,
        0.009727626459143969,
        0.0914396887159533,
        0.009727626459143969
      ],
      [
        0.7495107632093934,
        0.13111545988258316,
        0.009784735812133072,
